0 3816
0.096 3592
0.222 3475
0.306 3397
0.38 3383
0.468 3339
0.609 3292
0.669 3292
0.833 3254
0.93 3247
1.022 3230
1.109 3215
1.182 3211
1.243 3198
1.303 3197
1.346 3196
1.459 3189
1.534 3173
1.589 3173
1.684 3160
1.761 3159
1.819 3154
1.952 3141
2.046 3137
2.142 3137
2.241 3135
2.344 3128
2.46 3122
2.571 3116
2.656 3115
2.715 3113
2.77 3105
2.872 3102
2.941 3102
3.007 3100
3.119 3091
3.205 3091
3.286 3081
3.35 3081
3.391 3081
3.496 3081
3.564 3080
3.647 3078
3.774 3078
3.835 3078
3.911 3078
4.008 3074
4.111 3064
4.153 3064
4.275 3064
4.381 3064
4.465 3061
4.545 3061
4.641 3061
4.758 3061
4.82 3060
4.922 3060
5.017 3058
5.149 3058
5.202 3058
5.254 3055
5.311 3055
5.393 3055
5.44 3055
5.524 3050
5.587 3050
5.689 3050
5.779 3050
5.851 3050
5.923 3050
6.034 3049
6.123 3046
6.202 3042
6.27 3042
6.34 3038
6.449 3038
6.541 3038
6.651 3038
6.766 3038
6.844 3037
6.956 3037
7.017 3035
7.099 3035
7.199 3029
7.323 3028
7.387 3028
7.512 3028
7.604 3028
7.713 3026
7.796 3026
7.916 3026
7.969 3026
8.044 3024
8.159 3022
8.273 3017
8.387 3016
8.454 3016
8.532 3015
8.62 3015
8.687 3015
8.764 3011
8.845 3011
8.91 3011
9.042 3008
9.13 3008
9.211 3008
9.261 3008
9.34 3007
9.399 3007
9.509 3007
9.591 3007
9.694 3007
9.788 3007
9.888 3007
9.952 3007
10.027 3007
