0 3799
0.102 3602
0.165 3486
0.233 3401
0.311 3351
0.388 3318
0.477 3280
0.538 3251
0.64 3251
0.714 3251
0.777 3250
0.838 3227
0.922 3224
1.03 3224
1.112 3214
1.193 3189
1.247 3189
1.327 3172
1.391 3172
1.48 3168
1.568 3158
1.669 3155
1.737 3130
1.793 3130
1.844 3130
1.943 3122
1.981 3122
2.081 3117
2.136 3117
2.222 3111
2.298 3111
2.356 3106
2.41 3106
2.459 3099
2.528 3099
2.658 3099
2.74 3099
2.825 3099
2.901 3099
2.969 3097
3.035 3092
3.108 3092
3.167 3088
3.281 3088
3.335 3088
3.411 3075
3.497 3073
3.588 3070
3.669 3070
3.734 3070
3.819 3069
3.88 3067
3.96 3067
3.997 3067
4.069 3067
4.142 3060
4.241 3060
4.315 3060
4.396 3060
4.472 3054
4.544 3052
4.625 3052
4.731 3050
4.771 3050
4.81 3050
4.875 3050
4.918 3046
4.975 3046
5.069 3046
5.11 3046
5.168 3046
5.232 3038
5.291 3038
5.349 3033
5.418 3033
5.495 3033
5.568 3033
5.657 3033
5.737 3033
5.802 3033
5.863 3033
5.922 3033
5.963 3033
6.035 3024
6.117 3024
6.199 3024
6.266 3022
6.332 3022
6.38 3022
6.437 3022
6.508 3022
6.573 3021
6.645 3021
6.716 3019
6.798 3017
6.859 3016
6.921 3016
6.998 3016
7.08 3013
7.104 3013
7.16 3013
7.208 3013
7.244 3013
7.295 3011
7.355 3011
7.415 3011
7.494 3011
7.522 3011
7.575 3011
7.616 3011
7.691 3011
7.727 3011
7.771 3011
7.876 3011
7.956 3011
8.035 3010
8.098 3010
8.124 3010
8.209 3008
8.259 3008
8.327 3008
8.384 3008
8.484 3008
8.548 3008
8.634 3008
8.685 3008
8.765 3008
8.84 3007
8.883 3007
8.923 3006
8.984 3005
9.067 3005
9.117 3005
9.161 3005
9.236 3005
9.303 3005
9.377 3005
9.46 3005
9.509 3005
9.565 3005
9.616 3005
9.663 3005
9.708 3005
9.758 3005
9.829 3002
9.902 3000
9.976 3000
10.046 3000
