0 3778
0.101 3574
0.164 3463
0.242 3402
0.298 3383
0.389 3336
0.456 3315
0.544 3252
0.662 3250
0.739 3241
0.837 3221
0.92 3199
0.992 3199
1.11 3181
1.172 3171
1.255 3171
1.35 3168
1.422 3162
1.489 3156
1.584 3149
1.658 3141
1.739 3141
1.811 3134
1.897 3128
1.976 3128
2.041 3117
2.105 3113
2.193 3106
2.303 3104
2.346 3104
2.469 3098
2.54 3095
2.603 3089
2.65 3089
2.72 3088
2.819 3087
2.909 3081
2.987 3079
3.074 3079
3.148 3079
3.248 3075
3.335 3070
3.416 3064
3.472 3064
3.588 3064
3.656 3064
3.749 3058
3.8 3055
3.843 3055
3.921 3053
4 3048
4.083 3048
4.118 3048
4.204 3048
4.275 3044
4.332 3043
4.411 3041
4.491 3041
4.543 3038
4.611 3038
4.68 3035
4.747 3035
4.798 3035
4.87 3035
4.936 3035
5.001 3035
5.074 3027
5.175 3027
5.247 3027
5.33 3024
5.374 3024
5.421 3024
5.48 3024
5.583 3019
5.643 3019
5.728 3019
5.804 3019
5.851 3016
5.896 3016
5.964 3016
6.027 3016
6.093 3016
6.136 3013
6.166 3013
6.241 3013
6.302 3013
6.369 3012
6.451 3011
6.521 3011
6.587 3011
6.674 3008
6.748 3008
6.812 3007
6.871 3006
6.932 3006
6.993 3006
7.066 3006
7.146 3005
7.2 3005
7.255 3005
7.305 3005
7.35 3005
7.437 3005
7.515 3005
7.565 3005
7.642 3004
7.71 2995
7.781 2995
7.86 2995
7.919 2995
7.978 2995
8.064 2995
8.121 2995
8.172 2995
8.213 2995
8.269 2995
8.326 2995
8.394 2995
8.474 2995
8.552 2995
8.604 2995
8.666 2995
8.735 2991
8.8 2991
8.839 2991
8.895 2990
8.982 2990
9.041 2990
9.102 2990
9.143 2990
9.22 2990
9.242 2990
9.286 2990
9.321 2990
9.375 2989
9.466 2989
9.536 2987
9.59 2987
9.65 2987
9.72 2987
9.787 2987
9.83 2987
9.912 2987
9.954 2987
10.013 2987
