0 3799
0.108 3602
0.205 3486
0.284 3401
0.387 3351
0.473 3318
0.58 3280
0.658 3251
0.779 3251
0.866 3251
0.952 3250
1.029 3227
1.123 3224
1.254 3224
1.347 3214
1.459 3189
1.52 3189
1.626 3172
1.711 3172
1.818 3168
1.925 3158
2.041 3155
2.13 3130
2.193 3130
2.266 3130
2.383 3122
2.428 3122
2.548 3117
2.619 3117
2.732 3111
2.817 3111
2.895 3106
2.975 3106
3.041 3099
3.125 3099
3.27 3099
3.363 3099
3.467 3099
3.554 3099
3.63 3097
3.716 3092
3.801 3092
3.885 3088
4.038 3088
4.097 3088
4.193 3075
4.294 3073
4.399 3070
4.488 3070
4.586 3070
4.699 3069
4.769 3067
4.861 3067
4.904 3067
4.999 3067
5.103 3060
5.219 3060
5.302 3060
5.396 3060
5.51 3054
5.605 3052
5.7 3052
5.823 3050
5.885 3050
5.936 3050
6.032 3050
6.085 3046
6.166 3046
6.284 3046
6.336 3046
6.402 3046
6.505 3038
6.572 3038
6.64 3033
6.713 3033
6.823 3033
6.905 3033
7.013 3033
7.113 3033
7.197 3033
7.272 3033
7.35 3033
7.401 3033
7.497 3024
7.599 3024
7.727 3024
7.815 3022
7.901 3022
7.955 3022
8.045 3022
8.142 3022
8.228 3021
8.328 3021
8.421 3019
8.521 3017
8.598 3016
8.684 3016
8.793 3016
8.91 3013
8.939 3013
9.017 3013
9.071 3013
9.121 3013
9.184 3011
9.259 3011
9.331 3011
9.425 3011
9.459 3011
9.527 3011
9.585 3011
9.695 3011
9.737 3011
9.791 3011
9.933 3011
10.057 3011
