0 3778
0.109 3574
0.206 3463
0.306 3402
0.374 3383
0.486 3336
0.584 3315
0.7 3252
0.842 3250
0.943 3241
1.056 3221
1.158 3199
1.244 3199
1.384 3181
1.458 3171
1.554 3171
1.671 3168
1.761 3162
1.851 3156
1.963 3149
2.045 3141
2.148 3141
2.239 3134
2.354 3128
2.463 3128
2.548 3117
2.64 3113
2.763 3106
2.897 3104
2.964 3104
3.117 3098
3.201 3095
3.283 3089
3.336 3089
3.418 3088
3.538 3087
3.643 3081
3.736 3079
3.835 3079
3.921 3079
4.043 3075
4.171 3070
4.276 3064
4.344 3064
4.478 3064
4.559 3064
4.694 3058
4.754 3055
4.81 3055
4.899 3053
4.993 3048
5.097 3048
5.153 3048
5.261 3048
5.343 3044
5.408 3043
5.5 3041
5.608 3041
5.674 3038
5.76 3038
5.86 3035
5.943 3035
6.009 3035
6.096 3035
6.176 3035
6.264 3035
6.364 3027
6.499 3027
6.59 3027
6.699 3024
6.763 3024
6.822 3024
6.896 3024
7.026 3019
7.12 3019
7.221 3019
7.316 3019
7.372 3016
7.422 3016
7.51 3016
7.588 3016
7.665 3016
7.723 3013
7.775 3013
7.863 3013
7.937 3013
8.013 3012
8.118 3011
8.2 3011
8.304 3011
8.42 3008
8.518 3008
8.614 3007
8.682 3006
8.755 3006
8.829 3006
8.916 3006
9.026 3005
9.093 3005
9.165 3005
9.229 3005
9.297 3005
9.411 3005
9.504 3005
9.564 3005
9.676 3004
9.785 2995
9.865 2995
9.989 2995
