0 3796
0.102 3577
0.167 3450
0.228 3391
0.294 3355
0.374 3286
0.463 3253
0.536 3253
0.611 3230
0.705 3218
0.788 3204
0.849 3183
0.929 3175
1.001 3166
1.073 3166
1.104 3154
1.202 3148
1.262 3130
1.349 3130
1.424 3116
1.473 3116
1.537 3116
1.618 3116
1.702 3111
1.742 3111
1.811 3111
1.892 3110
1.982 3105
2.035 3101
2.098 3097
2.179 3089
2.254 3089
2.325 3086
2.438 3082
2.5 3076
2.555 3076
2.61 3066
2.661 3066
2.727 3066
2.799 3066
2.855 3061
2.945 3061
3.027 3061
3.112 3061
3.184 3057
3.24 3057
3.35 3052
3.434 3052
3.491 3052
3.545 3052
3.609 3052
3.693 3044
3.74 3042
3.777 3042
3.865 3042
3.918 3042
3.976 3038
4.045 3036
4.111 3036
4.212 3029
4.301 3027
4.341 3027
4.399 3027
4.448 3022
4.521 3021
4.588 3021
4.643 3021
4.709 3021
4.768 3021
4.857 3019
4.944 3016
5.004 3016
5.07 3016
5.125 3014
5.181 3014
5.248 3010
5.297 3010
5.373 3010
5.498 3010
5.559 3010
5.628 3010
5.72 3009
5.814 3009
5.876 3007
5.915 3007
6.002 3007
6.044 3007
6.111 3006
6.191 2998
6.239 2998
6.336 2998
6.419 2998
6.475 2998
6.523 2998
6.591 2998
6.625 2998
6.731 2997
6.791 2996
6.88 2995
6.945 2995
7.012 2992
7.088 2991
7.146 2991
7.207 2991
7.252 2991
7.311 2991
7.373 2991
7.399 2991
7.46 2991
7.537 2989
7.604 2989
7.686 2989
7.774 2985
7.85 2985
7.904 2984
8.004 2984
8.065 2984
8.116 2984
8.183 2984
8.268 2984
8.309 2984
8.361 2984
8.43 2982
8.499 2982
8.547 2982
8.598 2982
8.649 2980
8.705 2980
8.775 2978
8.824 2978
8.887 2978
8.958 2976
9.025 2976
9.069 2976
9.129 2976
9.2 2976
9.274 2976
9.36 2976
9.462 2976
9.517 2976
9.552 2976
9.612 2976
9.662 2974
9.731 2974
9.817 2974
9.877 2974
9.941 2974
9.988 2974
