0 3814
0.101 3590
0.23 3470
0.324 3417
0.427 3333
0.572 3310
0.711 3296
0.841 3290
0.945 3258
1.056 3226
1.184 3216
1.28 3203
1.359 3191
1.467 3175
1.555 3175
1.656 3168
1.785 3158
1.902 3151
1.992 3143
2.113 3143
2.232 3134
2.319 3134
2.394 3127
2.498 3120
2.574 3117
2.637 3117
2.772 3111
2.833 3111
2.885 3111
2.972 3103
3.082 3103
3.182 3101
3.298 3092
3.397 3088
3.491 3088
3.601 3088
3.706 3088
3.825 3081
3.891 3079
4.02 3072
4.146 3071
4.198 3071
4.263 3069
4.363 3067
4.41 3067
4.525 3063
4.569 3060
4.715 3059
4.812 3059
4.922 3056
4.989 3056
5.075 3052
5.157 3052
5.3 3051
5.401 3049
5.498 3046
5.555 3046
5.651 3046
5.727 3046
5.84 3039
5.935 3038
6.045 3037
6.132 3036
6.226 3035
6.318 3035
6.411 3035
6.493 3035
6.583 3031
6.703 3031
6.77 3028
6.925 3027
6.985 3027
7.076 3027
7.153 3027
7.247 3020
7.325 3018
7.479 3017
7.54 3017
7.623 3015
7.733 3015
7.833 3015
7.906 3015
7.996 3015
8.08 3015
8.23 3014
8.331 3014
8.419 3007
8.498 3007
8.574 3007
8.667 3007
8.742 3007
8.768 3007
8.829 3006
8.875 3006
9.011 3006
9.126 3006
9.187 3006
9.296 3006
9.361 3006
9.448 3006
9.527 3006
9.6 3006
9.693 3006
9.821 3004
9.925 3004
10.033 3004
