0 3816
0.095 3592
0.186 3475
0.259 3397
0.319 3383
0.394 3339
0.511 3292
0.561 3292
0.686 3254
0.767 3247
0.837 3230
0.911 3215
0.955 3211
1.009 3198
1.062 3197
1.093 3196
1.193 3189
1.247 3173
1.292 3173
1.373 3160
1.434 3159
1.486 3154
1.587 3141
1.656 3137
1.739 3137
1.817 3135
1.906 3128
2.009 3122
2.089 3116
2.163 3115
2.214 3113
2.261 3105
2.346 3102
2.397 3102
2.451 3100
2.532 3091
2.602 3091
2.653 3081
2.71 3081
2.738 3081
2.824 3081
2.879 3080
2.946 3078
3.045 3078
3.101 3078
3.16 3078
3.239 3074
3.318 3064
3.355 3064
3.464 3064
3.551 3064
3.625 3061
3.687 3061
3.767 3061
3.852 3061
3.902 3060
3.982 3060
4.066 3058
4.168 3058
4.214 3058
4.257 3055
4.306 3055
4.372 3055
4.407 3055
4.481 3050
4.531 3050
4.619 3050
4.695 3050
4.757 3050
4.8 3050
4.89 3049
4.957 3046
5.02 3042
5.084 3042
5.139 3038
5.226 3038
5.301 3038
5.382 3038
5.464 3038
5.534 3037
5.617 3037
5.667 3035
5.736 3035
5.82 3029
5.921 3028
5.975 3028
6.072 3028
6.151 3028
6.227 3026
6.302 3026
6.394 3026
6.44 3026
6.504 3024
6.581 3022
6.658 3017
6.746 3016
6.792 3016
6.852 3015
6.921 3015
6.968 3015
7.036 3011
7.107 3011
7.163 3011
7.282 3008
7.355 3008
7.421 3008
7.462 3008
7.533 3007
7.575 3007
7.663 3007
7.733 3007
7.815 3007
7.893 3007
7.963 3007
8.01 3007
8.078 3007
8.113 3007
8.167 3007
8.234 3007
8.296 3007
8.37 3006
8.449 3005
8.536 3004
8.643 3002
8.734 3000
8.807 3000
8.904 2998
8.957 2998
9.051 2998
9.141 2998
9.214 2998
9.273 2998
9.343 2998
9.414 2997
9.456 2997
9.52 2996
9.58 2992
9.637 2992
9.721 2992
9.773 2992
9.851 2992
9.92 2992
10.017 2992
