0 3796
0.108 3577
0.207 3450
0.281 3391
0.375 3355
0.487 3286
0.604 3253
0.697 3253
0.785 3230
0.898 3218
0.994 3204
1.063 3183
1.162 3175
1.256 3166
1.336 3166
1.378 3154
1.517 3148
1.588 3130
1.69 3130
1.788 3116
1.849 3116
1.923 3116
2.014 3116
2.12 3111
2.174 3111
2.258 3111
2.369 3110
2.474 3105
2.534 3101
2.626 3097
2.731 3089
2.823 3089
2.91 3086
3.051 3082
3.13 3076
3.207 3076
3.277 3066
3.339 3066
3.415 3066
3.514 3066
3.576 3061
3.695 3061
3.788 3061
3.892 3061
3.988 3057
4.056 3057
4.184 3052
4.283 3052
4.362 3052
4.436 3052
4.51 3052
4.61 3044
4.669 3042
4.723 3042
4.834 3042
4.916 3042
4.98 3038
5.08 3036
5.154 3036
5.296 3029
5.417 3027
5.47 3027
5.546 3027
5.611 3022
5.715 3021
5.8 3021
5.866 3021
5.972 3021
6.046 3021
6.153 3019
6.271 3016
6.35 3016
6.455 3016
6.521 3014
6.602 3014
6.691 3010
6.744 3010
6.838 3010
7.005 3010
7.076 3010
7.166 3010
7.286 3009
7.414 3009
7.488 3007
7.548 3007
7.649 3007
7.706 3007
7.788 3006
7.905 2998
7.971 2998
8.089 2998
8.19 2998
8.256 2998
8.325 2998
8.402 2998
8.452 2998
8.572 2997
8.64 2996
8.77 2995
8.851 2995
8.961 2992
9.059 2991
9.141 2991
9.217 2991
9.268 2991
9.339 2991
9.42 2991
9.453 2991
9.551 2991
9.649 2989
9.748 2989
9.866 2989
9.994 2985
