0 3814
0.191 3590
0.277 3470
0.34 3417
0.416 3333
0.523 3310
0.629 3296
0.732 3290
0.817 3258
0.889 3226
0.977 3216
1.048 3203
1.105 3191
1.191 3175
1.256 3175
1.333 3168
1.423 3158
1.521 3151
1.585 3143
1.677 3143
1.769 3134
1.831 3134
1.868 3127
1.954 3120
2.014 3117
2.064 3117
2.165 3111
2.215 3111
2.259 3111
2.316 3103
2.381 3103
2.447 3101
2.543 3092
2.62 3088
2.685 3088
2.76 3088
2.828 3088
2.898 3081
2.952 3079
3.049 3072
3.148 3071
3.191 3071
3.244 3069
3.324 3067
3.363 3067
3.438 3063
3.468 3060
3.585 3059
3.662 3059
3.74 3056
3.798 3056
3.868 3052
3.922 3052
4.023 3051
4.084 3049
4.167 3046
4.216 3046
4.28 3046
4.33 3046
4.406 3039
4.481 3038
4.556 3037
4.625 3036
4.7 3035
4.778 3035
4.849 3035
4.916 3035
4.971 3031
5.056 3031
5.104 3028
5.208 3027
5.258 3027
5.317 3027
5.373 3027
5.431 3020
5.487 3018
5.588 3017
5.628 3017
5.688 3015
5.759 3015
5.835 3015
5.895 3015
5.966 3015
6.031 3015
6.141 3014
6.214 3014
6.282 3007
6.331 3007
6.391 3007
6.445 3007
6.509 3007
6.529 3007
6.577 3006
6.605 3006
6.719 3006
6.804 3006
6.851 3006
6.922 3006
6.972 3006
7.023 3006
7.085 3006
7.147 3006
7.217 3006
7.311 3004
7.375 3004
7.453 3004
7.504 3004
7.56 3003
7.629 3003
7.699 2999
7.761 2999
7.812 2999
7.863 2999
7.909 2999
8.002 2999
8.099 2998
8.171 2998
8.278 2998
8.335 2998
8.426 2997
8.513 2997
8.588 2997
8.612 2997
8.689 2996
8.759 2996
8.79 2996
8.865 2996
8.924 2996
8.995 2996
9.035 2996
9.138 2994
9.212 2994
9.273 2994
9.332 2992
9.394 2992
9.45 2992
9.524 2992
9.577 2992
9.631 2992
9.719 2992
9.78 2992
9.841 2992
9.889 2992
9.963 2992
10.023 2992
