0 7575
0.168 7386
0.184 7386
0.259 7308
0.319 7295
0.402 7265
0.508 7242
0.632 7233
0.674 7233
0.737 7223
0.807 7178
0.898 7166
0.971 7142
1.004 7127
1.107 7127
1.217 7127
1.302 7127
1.397 7106
1.447 7106
1.536 7094
1.615 7094
1.682 7092
1.72 7078
1.852 7078
1.967 7068
2.061 7068
2.194 7051
2.294 7042
2.361 7042
2.463 7032
2.552 7032
2.64 7032
2.741 7029
2.829 7022
2.881 7022
2.977 7014
3.103 7014
3.195 7008
3.236 7008
3.309 7008
3.41 6999
3.493 6999
3.645 6994
3.745 6984
3.84 6984
3.928 6980
3.982 6978
4.078 6974
4.188 6974
4.257 6967
4.34 6966
4.43 6964
4.507 6957
4.59 6957
4.668 6957
4.744 6956
4.81 6953
4.852 6949
4.939 6949
5.029 6947
5.033 6947
5.097 6947
5.163 6947
5.21 6947
5.332 6945
5.433 6942
5.498 6942
5.591 6938
5.686 6938
5.695 6938
5.848 6938
5.943 6938
6.003 6935
6.093 6932
6.188 6932
6.354 6932
6.462 6925
6.521 6924
6.619 6924
6.707 6924
6.795 6922
6.88 6922
6.957 6922
7.038 6922
7.134 6920
7.189 6917
7.254 6917
7.348 6916
7.42 6915
7.497 6913
7.586 6913
7.67 6913
7.744 6913
7.832 6909
7.897 6909
7.984 6909
8.075 6909
8.165 6909
8.271 6909
8.384 6909
8.478 6909
8.615 6909
8.708 6909
8.792 6908
8.85 6908
8.928 6908
8.997 6905
9.083 6905
9.163 6902
9.229 6902
9.264 6901
9.375 6901
9.383 6901
9.469 6899
9.526 6899
9.568 6899
9.6 6899
9.67 6899
9.835 6899
9.97 6899
10.042 6897
