0 7575
0.165 7408
0.303 7303
0.408 7290
0.482 7259
0.59 7236
0.648 7236
0.653 7236
0.765 7210
0.869 7197
0.967 7170
1.071 7167
1.162 7151
1.281 7144
1.407 7123
1.557 7094
1.673 7094
1.775 7092
1.87 7084
1.996 7072
2.099 7060
2.229 7053
2.32 7050
2.434 7035
2.584 7027
2.649 7027
2.752 7015
2.85 7014
2.97 7014
3.031 7014
3.064 7014
3.147 7005
3.239 7003
3.342 7003
3.511 6996
3.604 6996
3.681 6988
3.816 6988
3.881 6988
4.034 6983
4.135 6983
4.251 6983
4.382 6980
4.503 6980
4.59 6979
4.723 6975
4.855 6964
4.981 6964
5.053 6964
5.169 6957
5.272 6957
5.404 6954
5.536 6954
5.623 6954
5.687 6954
5.795 6954
5.913 6953
5.945 6953
5.993 6948
6.064 6948
6.189 6946
6.271 6945
6.418 6945
6.5 6940
6.569 6940
6.661 6940
6.785 6940
6.915 6940
7.06 6940
7.169 6935
7.266 6928
7.352 6928
7.469 6928
7.567 6925
7.651 6925
7.717 6925
7.859 6925
7.94 6922
8.056 6916
8.131 6916
8.229 6916
8.347 6916
8.411 6916
8.441 6916
8.542 6916
8.648 6916
8.789 6914
8.916 6913
9.126 6913
9.223 6913
9.259 6913
9.393 6913
9.507 6913
9.618 6913
9.741 6913
9.844 6913
9.964 6911
10.082 6908
