0 7603
0.193 7393
0.361 7315
0.46 7315
0.593 7271
0.729 7236
0.875 7220
0.888 7220
1.008 7196
1.13 7175
1.235 7146
1.333 7145
1.462 7117
1.62 7094
1.685 7094
1.799 7094
1.946 7086
2.045 7084
2.156 7079
2.322 7070
2.483 7058
2.603 7051
2.767 7051
2.906 7051
3.046 7041
3.182 7037
3.322 7037
3.466 7037
3.658 7025
3.847 7019
4.022 7011
4.159 7009
4.266 7009
4.387 7009
4.528 6995
4.661 6995
4.863 6991
5.029 6981
5.157 6981
5.343 6981
5.481 6979
5.664 6977
5.884 6973
6.042 6971
6.208 6967
6.368 6962
6.488 6959
6.609 6959
6.694 6956
6.83 6953
6.999 6950
7.203 6950
7.336 6947
7.464 6947
7.609 6946
7.774 6944
7.882 6942
7.979 6942
8.081 6941
8.201 6941
8.385 6931
8.503 6931
8.626 6931
8.738 6931
8.92 6931
9.027 6931
9.109 6930
9.221 6930
9.376 6929
9.442 6929
9.604 6924
9.712 6923
9.84 6923
10.054 6923
