0 7600
0.37 7392
0.589 7323
0.704 7281
0.896 7258
0.979 7258
1.107 7238
1.266 7195
1.442 7188
1.555 7188
1.802 7166
1.958 7159
2.063 7152
2.265 7140
2.398 7111
2.512 7111
2.751 7101
2.951 7099
3.052 7099
3.22 7084
3.477 7068
3.634 7066
3.722 7059
3.889 7059
4.063 7059
4.263 7052
4.399 7043
4.692 7043
4.847 7039
4.948 7032
5.221 7025
5.375 7023
5.495 7017
5.697 7007
5.892 7007
6.092 7006
6.26 7000
6.396 6997
6.582 6997
6.814 6988
6.961 6988
7.184 6985
7.359 6985
7.577 6981
7.755 6981
7.936 6977
8.095 6976
8.241 6970
8.406 6967
8.622 6967
8.766 6950
8.982 6950
9.022 6950
9.159 6950
9.345 6948
9.422 6948
9.613 6948
9.755 6948
9.809 6948
9.997 6948
