0 7575
0.257 7405
0.415 7340
0.636 7294
0.817 7260
0.902 7256
0.968 7212
1.135 7212
1.34 7212
1.471 7181
1.645 7159
1.744 7133
1.901 7121
2.101 7108
2.307 7103
2.461 7089
2.648 7089
2.806 7086
2.913 7066
3.04 7066
3.164 7060
3.304 7060
3.509 7046
3.609 7046
3.81 7041
3.931 7034
4.029 7027
4.16 7019
4.348 7014
4.529 7014
4.747 7009
4.899 7009
5.085 7005
5.209 6994
5.39 6994
5.521 6987
5.667 6987
5.818 6983
5.955 6983
6.13 6983
6.271 6983
6.414 6983
6.478 6983
6.649 6978
6.772 6968
6.95 6963
7.074 6963
7.262 6963
7.417 6961
7.579 6961
7.599 6961
7.776 6959
7.848 6959
7.984 6957
8.046 6957
8.229 6953
8.366 6946
8.455 6946
8.569 6946
8.679 6946
8.858 6945
9.003 6945
9.09 6945
9.253 6941
9.427 6938
9.492 6938
9.687 6936
9.819 6936
9.906 6936
10.055 6928
