0 7575
0.273 7397
0.62 7321
0.823 7257
1.052 7228
1.232 7228
1.445 7207
1.656 7200
1.9 7170
2.035 7162
2.338 7149
2.579 7132
2.848 7117
3.12 7113
3.394 7101
3.558 7101
3.717 7098
3.921 7095
4.197 7086
4.461 7080
4.723 7072
4.998 7063
5.179 7061
5.403 7061
5.627 7057
5.864 7051
5.997 7051
6.248 7047
6.327 7045
6.55 7034
6.811 7020
6.983 7013
7.222 7013
7.419 7005
7.725 7005
7.941 7005
8.159 7005
8.38 7005
8.527 7005
8.683 6997
8.844 6997
9.02 6987
9.225 6982
9.47 6975
9.72 6975
9.859 6975
10.173 6972
