0 7603
0.143 7393
0.259 7314
0.338 7282
0.413 7225
0.478 7225
0.556 7191
0.61 7191
0.715 7144
0.788 7144
0.932 7115
1.014 7114
1.088 7106
1.156 7106
1.259 7099
1.368 7099
1.475 7084
1.487 7084
1.602 7064
1.73 7051
1.803 7041
1.92 7041
2.011 7041
2.069 7041
2.161 7026
2.3 7026
2.433 7005
2.504 7002
2.592 6996
2.68 6996
2.786 6996
2.895 6993
2.995 6988
3.094 6988
3.187 6984
3.29 6984
3.348 6984
3.409 6984
3.485 6977
3.567 6977
3.637 6977
3.701 6977
3.783 6972
3.794 6972
3.881 6972
3.966 6966
3.975 6966
4.088 6963
4.187 6963
4.251 6963
4.34 6961
4.436 6961
4.442 6961
4.543 6961
4.667 6960
4.776 6960
4.864 6960
4.977 6955
5.081 6952
5.188 6952
5.312 6940
5.406 6940
5.518 6940
5.575 6940
5.617 6940
5.682 6940
5.78 6940
5.837 6940
5.925 6940
5.993 6940
6.074 6940
6.175 6938
6.224 6938
6.296 6929
6.364 6928
6.428 6928
6.522 6922
6.593 6922
6.687 6922
6.781 6922
6.92 6921
7.042 6921
7.135 6921
7.224 6921
7.236 6921
7.322 6921
7.397 6921
7.477 6916
7.544 6916
7.608 6916
7.682 6916
7.76 6916
7.842 6916
7.918 6916
7.983 6916
8.045 6916
8.136 6915
8.145 6915
8.218 6915
8.285 6914
8.321 6913
8.379 6913
8.508 6910
8.532 6910
8.611 6909
8.625 6909
8.681 6908
8.789 6905
8.875 6905
8.884 6905
8.961 6905
9.099 6903
9.17 6903
9.262 6901
9.354 6901
9.455 6901
9.54 6898
9.619 6897
9.701 6895
9.775 6893
9.879 6892
9.962 6892
9.998 6892
