0 7600
0.14 7412
0.203 7310
0.279 7272
0.35 7272
0.414 7256
0.486 7224
0.559 7221
0.62 7189
0.713 7189
0.799 7173
0.891 7152
0.963 7152
1.026 7132
1.116 7114
1.193 7092
1.264 7092
1.335 7091
1.421 7068
1.485 7068
1.491 7068
1.557 7068
1.627 7068
1.692 7064
1.801 7051
1.851 7048
1.941 7045
2.025 7042
2.137 7040
2.225 7033
2.338 7033
2.408 7033
2.467 7028
2.552 7028
2.622 7028
2.731 7019
2.79 7016
2.876 7014
2.929 7012
3.04 7003
3.085 6999
3.181 6999
3.227 6999
3.335 6993
3.401 6993
3.485 6993
3.57 6985
3.671 6985
3.752 6979
3.81 6979
3.877 6979
3.955 6979
4.072 6970
4.148 6967
4.238 6965
4.313 6964
4.364 6964
4.472 6954
4.551 6954
4.6 6954
4.649 6954
4.715 6954
4.812 6954
4.895 6953
4.954 6953
5.036 6947
5.122 6945
5.216 6945
5.258 6942
5.341 6941
5.431 6939
5.493 6939
5.603 6939
5.697 6931
5.775 6927
5.843 6925
5.954 6924
6.033 6920
6.075 6920
6.16 6920
6.247 6920
6.369 6920
6.474 6918
6.559 6918
6.599 6914
6.689 6914
6.805 6914
6.876 6914
6.934 6914
7.037 6913
7.152 6913
7.218 6908
7.267 6908
7.331 6908
7.417 6908
7.472 6905
7.575 6905
7.669 6905
7.748 6902
7.795 6902
7.913 6900
8.011 6891
8.098 6891
8.186 6891
8.281 6891
8.352 6890
8.419 6889
8.508 6889
8.575 6889
8.692 6886
8.736 6886
8.822 6886
8.893 6886
8.958 6886
9.073 6882
9.152 6882
9.217 6882
9.323 6882
9.417 6882
9.465 6882
9.573 6881
9.649 6881
9.734 6881
9.794 6881
9.884 6881
9.953 6880
10.05 6880
