0 7603
0.306 7393
0.592 7302
0.794 7263
0.947 7263
1.244 7228
1.452 7222
1.606 7222
1.74 7205
1.896 7170
2.192 7162
2.607 7137
2.83 7126
3.116 7104
3.361 7104
3.541 7089
3.733 7089
3.911 7084
4.116 7075
4.274 7075
4.488 7075
4.671 7063
5.009 7060
5.169 7055
5.439 7053
5.614 7053
5.848 7045
6.05 7034
6.194 7030
6.415 7024
6.597 7017
6.739 7017
7.014 7016
7.301 7008
7.412 7008
7.587 7008
7.869 7008
8.134 7004
8.268 7000
8.521 6997
8.833 6992
8.994 6992
9.223 6976
9.332 6976
9.554 6971
9.628 6971
9.797 6971
10.036 6971
