0 7636
0.181 7387
0.199 7387
0.276 7333
0.354 7293
0.452 7253
0.461 7253
0.474 7253
0.561 7219
0.674 7194
0.764 7186
0.865 7186
0.928 7159
1.008 7146
1.125 7124
1.217 7120
1.321 7103
1.403 7103
1.468 7098
1.551 7087
1.56 7087
1.641 7075
1.749 7070
1.84 7063
1.927 7056
2.039 7049
2.142 7040
2.254 7040
2.367 7040
2.42 7040
2.542 7037
2.632 7037
2.726 7022
2.809 7022
2.81 7022
2.916 7018
2.941 7018
3.008 7010
3.103 7010
3.166 7008
3.256 7008
3.315 7005
3.408 7000
3.525 7000
3.613 6998
3.623 6998
3.745 6988
3.786 6988
3.906 6981
3.914 6981
4.001 6972
4.064 6972
4.163 6972
4.24 6972
4.252 6972
4.331 6972
4.416 6972
4.522 6967
4.615 6957
4.752 6956
4.87 6956
4.979 6956
5.071 6956
5.13 6949
5.223 6940
5.316 6940
5.403 6933
5.458 6933
5.526 6933
5.63 6931
5.69 6931
5.754 6931
5.855 6931
5.931 6928
6.005 6928
6.074 6923
6.084 6923
6.168 6923
6.248 6914
6.317 6914
6.367 6914
6.454 6914
6.526 6914
6.646 6911
6.721 6911
6.787 6911
6.89 6911
6.987 6911
7.076 6902
7.133 6902
7.264 6901
7.349 6901
7.412 6901
7.504 6901
7.563 6899
7.573 6899
7.638 6899
7.688 6899
7.785 6899
7.852 6899
7.916 6899
7.986 6899
8.076 6899
8.179 6897
8.253 6897
8.371 6896
8.443 6894
8.547 6894
8.657 6893
8.748 6893
8.858 6893
8.924 6892
9.028 6891
9.112 6891
9.187 6890
9.272 6890
9.337 6890
9.44 6890
9.5 6890
9.629 6886
9.717 6886
9.838 6884
9.907 6884
10.024 6884
