0 3704
0.303 3682
0.462 3665
0.532 3644
0.655 3644
0.801 3622
0.86 3622
1.004 3611
1.133 3589
1.261 3556
1.433 3556
1.511 3556
1.681 3545
1.881 3536
2.02 3536
2.232 3536
2.354 3536
2.473 3529
2.636 3526
2.728 3526
2.847 3517
3 3517
3.102 3513
3.227 3513
3.383 3513
3.463 3513
3.499 3499
3.632 3495
3.754 3495
3.88 3492
3.962 3492
4.045 3492
4.135 3492
4.268 3492
4.392 3492
4.472 3492
4.582 3489
4.733 3489
4.81 3489
4.919 3489
5.049 3488
5.204 3485
5.282 3485
5.393 3484
5.462 3484
5.563 3484
5.691 3481
5.825 3480
5.915 3476
6.041 3476
6.15 3476
6.302 3474
6.382 3474
6.531 3473
6.647 3473
6.744 3471
6.839 3470
7.03 3469
7.2 3469
7.319 3469
7.449 3469
7.558 3469
7.698 3467
7.796 3467
7.884 3467
8.007 3467
8.091 3466
8.18 3464
8.313 3460
8.408 3460
8.496 3460
8.576 3460
8.759 3460
8.891 3457
8.993 3455
9.04 3455
9.124 3455
9.277 3455
9.366 3455
9.437 3455
9.598 3455
9.727 3455
9.832 3455
9.948 3455
10.023 3455
