0 3698
0.39 3695
0.482 3662
0.657 3648
0.789 3625
0.901 3622
1.023 3605
1.101 3584
1.245 3584
1.433 3573
1.523 3573
1.617 3572
1.697 3572
1.808 3570
1.919 3570
2.025 3563
2.156 3557
2.338 3553
2.514 3548
2.693 3543
2.793 3540
2.953 3526
3.066 3526
3.206 3526
3.327 3526
3.465 3526
3.589 3526
3.714 3522
3.824 3521
3.99 3521
4.124 3517
4.23 3517
4.339 3513
4.455 3513
4.554 3511
4.712 3506
4.836 3506
4.951 3506
5.051 3505
5.176 3502
5.301 3497
5.454 3493
5.594 3491
5.791 3491
5.901 3488
5.952 3484
6.05 3484
6.125 3484
6.229 3484
6.388 3484
6.482 3484
6.568 3483
6.704 3483
6.802 3480
6.933 3477
7.004 3476
7.1 3473
7.275 3473
7.39 3473
7.53 3473
7.684 3473
7.782 3473
7.887 3473
7.898 3473
8.021 3473
8.112 3473
8.191 3473
8.339 3473
8.463 3472
8.556 3472
8.673 3471
8.782 3468
8.907 3468
8.991 3468
9.076 3468
9.17 3468
9.324 3468
9.393 3465
9.533 3465
9.633 3465
9.744 3465
9.816 3465
9.927 3465
10.116 3462
