0.109000 3695
0.290000 3652
0.426000 3647
0.574000 3630
0.721000 3609
0.944000 3599
1.117000 3591
1.286000 3591
1.439000 3582
1.655000 3564
1.864000 3555
1.954000 3555
2.198000 3549
2.433000 3542
2.605000 3542
2.720000 3536
2.899000 3532
3.218000 3525
3.421000 3525
3.608000 3525
3.726000 3519
3.931000 3514
4.076000 3512
4.207000 3512
4.371000 3512
4.523000 3506
4.648000 3506
4.797000 3506
5.028000 3501
5.289000 3500
5.520000 3500
5.643000 3498
5.799000 3497
5.943000 3497
6.096000 3497
6.313000 3491
6.497000 3488
6.664000 3488
6.822000 3488
6.964000 3488
7.100000 3486
7.233000 3486
7.398000 3486
7.527000 3486
7.708000 3483
7.980000 3483
8.137000 3479
8.232000 3479
8.452000 3477
8.597000 3477
8.782000 3476
8.958000 3475
9.182000 3474
9.320000 3472
9.484000 3472
9.644000 3472
9.869000 3471
10.035000 3467
