0.239000 3698
0.440000 3654
0.618000 3637
0.779000 3620
0.975000 3609
1.116000 3606
1.344000 3591
1.512000 3584
1.746000 3577
1.920000 3571
2.203000 3560
2.352000 3559
2.489000 3559
2.664000 3556
2.729000 3552
2.848000 3545
3.135000 3540
3.278000 3533
3.373000 3533
3.549000 3525
3.765000 3525
3.918000 3522
4.122000 3522
4.278000 3522
4.409000 3518
4.579000 3510
4.708000 3510
4.935000 3504
5.020000 3504
5.176000 3499
5.380000 3499
5.623000 3495
5.778000 3495
5.903000 3495
6.041000 3495
6.209000 3495
6.420000 3493
6.606000 3493
6.739000 3490
6.900000 3490
7.106000 3487
7.220000 3487
7.392000 3484
7.487000 3484
7.680000 3484
7.832000 3484
8.053000 3484
8.114000 3484
8.312000 3479
8.438000 3479
8.542000 3479
8.729000 3479
8.935000 3479
9.135000 3479
9.351000 3478
9.476000 3476
9.583000 3475
9.710000 3474
9.850000 3474
10.027000 3474
