0 3799
0.138 3705
0.275 3665
0.387 3645
0.544 3627
0.708 3611
0.806 3608
0.867 3588
1.024 3575
1.142 3575
1.261 3575
1.341 3568
1.454 3564
1.559 3561
1.74 3549
1.878 3549
1.957 3549
2.111 3545
2.237 3544
2.324 3543
2.427 3535
2.585 3535
2.765 3531
2.916 3527
3.051 3524
3.127 3519
3.242 3519
3.338 3510
3.432 3503
3.529 3503
3.63 3503
3.796 3499
3.932 3499
4.113 3499
4.222 3499
4.324 3499
4.418 3499
4.488 3499
4.553 3499
4.664 3499
4.794 3499
4.918 3499
5.037 3495
5.175 3494
5.36 3491
5.467 3489
5.574 3488
5.659 3488
5.778 3488
5.876 3486
6.018 3485
6.101 3485
6.214 3485
6.294 3485
6.355 3482
6.461 3482
6.59 3481
6.723 3477
6.817 3475
6.961 3475
7.033 3475
7.101 3473
7.215 3473
7.336 3473
7.424 3473
7.531 3473
7.629 3473
7.734 3471
7.848 3471
7.999 3471
8.093 3471
8.236 3469
8.305 3469
8.418 3468
8.475 3468
8.6 3468
8.71 3468
8.817 3465
8.923 3465
9.015 3465
9.141 3464
9.218 3464
9.316 3464
9.42 3464
9.543 3464
9.634 3463
9.748 3463
9.888 3463
10.005 3463
