0 3807
0.105 3691
0.231 3662
0.358 3656
0.577 3638
0.853 3624
1.007 3619
1.177 3601
1.288 3595
1.373 3595
1.528 3593
1.615 3581
1.835 3581
2.076 3569
2.294 3559
2.502 3548
2.642 3548
2.88 3540
3.072 3540
3.293 3536
3.433 3530
3.581 3529
3.739 3529
3.904 3525
4.105 3523
4.247 3523
4.445 3515
4.674 3515
4.909 3511
5.074 3511
5.319 3511
5.505 3510
5.728 3507
5.986 3500
6.249 3491
6.416 3491
6.615 3491
6.832 3491
6.937 3491
7.17 3491
7.416 3488
7.565 3488
7.723 3488
7.949 3488
8.091 3488
8.327 3487
8.516 3486
8.745 3483
8.9 3480
8.982 3480
9.089 3480
9.311 3480
9.529 3478
9.637 3477
9.824 3477
9.991 3475
10.168 3475
