0.106000 3698
0.189000 3658
0.281000 3649
0.334000 3626
0.382000 3626
0.491000 3602
0.561000 3594
0.618000 3594
0.694000 3581
0.815000 3572
0.870000 3569
0.978000 3569
1.071000 3550
1.140000 3550
1.207000 3546
1.259000 3540
1.376000 3540
1.440000 3537
1.476000 3532
1.594000 3530
1.695000 3522
1.783000 3522
1.847000 3522
1.909000 3520
2.014000 3516
2.091000 3512
2.169000 3512
2.230000 3508
2.300000 3508
2.419000 3508
2.495000 3502
2.605000 3502
2.665000 3499
2.748000 3497
2.796000 3496
2.859000 3496
2.947000 3495
3.048000 3495
3.121000 3495
3.186000 3491
3.270000 3490
3.345000 3487
3.417000 3487
3.462000 3487
3.558000 3483
3.633000 3481
3.713000 3481
3.839000 3478
3.950000 3478
4.027000 3476
4.077000 3475
4.147000 3475
4.260000 3471
4.331000 3471
4.428000 3471
4.510000 3471
4.567000 3467
4.679000 3467
4.758000 3467
4.844000 3467
4.898000 3467
4.962000 3467
5.050000 3467
5.109000 3467
5.162000 3467
5.224000 3467
5.317000 3465
5.368000 3465
5.415000 3462
5.480000 3462
5.568000 3462
5.655000 3462
5.712000 3462
5.793000 3462
5.839000 3462
5.901000 3462
6.020000 3462
6.111000 3461
6.189000 3461
6.241000 3459
6.293000 3459
6.354000 3459
6.432000 3459
6.528000 3459
6.593000 3459
6.704000 3458
6.775000 3458
6.867000 3458
6.932000 3458
7.026000 3458
7.101000 3458
7.162000 3458
7.226000 3454
7.279000 3454
7.369000 3454
7.435000 3454
7.540000 3454
7.643000 3454
7.685000 3454
7.799000 3453
7.872000 3452
7.944000 3452
8.020000 3451
8.067000 3451
8.154000 3451
8.245000 3449
8.321000 3449
8.385000 3449
8.450000 3448
8.507000 3448
8.597000 3448
8.686000 3448
8.747000 3447
8.837000 3446
8.947000 3446
9.018000 3446
9.087000 3446
9.142000 3445
9.215000 3445
9.278000 3445
9.349000 3445
9.415000 3445
9.458000 3445
9.506000 3445
9.580000 3445
9.627000 3445
9.709000 3445
9.794000 3445
9.862000 3445
9.970000 3445
10.044000 3444
