0 3799
0.081 3704
0.122 3672
0.165 3651
0.214 3650
0.267 3638
0.284 3638
0.328 3612
0.363 3596
0.427 3596
0.464 3594
0.489 3594
0.524 3583
0.559 3574
0.603 3568
0.66 3556
0.693 3549
0.741 3543
0.78 3543
0.804 3543
0.844 3543
0.89 3543
0.936 3532
0.959 3532
1.016 3526
1.044 3526
1.094 3524
1.139 3523
1.169 3521
1.219 3519
1.261 3513
1.317 3512
1.349 3512
1.381 3510
1.437 3510
1.473 3508
1.522 3502
1.544 3502
1.561 3502
1.602 3499
1.648 3499
1.684 3494
1.721 3493
1.745 3493
1.794 3489
1.814 3489
1.847 3489
1.889 3489
1.931 3488
1.972 3485
2.001 3485
2.038 3484
2.075 3482
2.124 3482
2.16 3482
2.205 3482
2.247 3481
2.296 3481
2.327 3476
2.37 3476
2.415 3476
2.465 3476
2.508 3476
2.543 3474
2.596 3472
2.642 3468
2.682 3468
2.708 3468
2.763 3468
2.803 3468
2.841 3468
2.881 3464
2.913 3464
2.952 3464
2.984 3464
3.011 3464
3.043 3464
3.08 3464
3.122 3464
3.17 3464
3.208 3464
3.258 3464
3.264 3464
3.316 3464
3.359 3464
3.41 3463
3.444 3463
3.491 3463
3.529 3463
3.562 3463
3.604 3463
3.658 3463
3.672 3463
3.724 3461
3.751 3461
3.787 3461
3.82 3461
3.86 3461
3.899 3461
3.902 3461
3.938 3461
3.962 3460
4.006 3459
4.041 3459
4.107 3459
4.14 3459
4.211 3458
4.242 3457
4.248 3457
4.27 3457
4.304 3457
4.334 3457
4.368 3457
4.404 3457
4.438 3456
4.483 3456
4.518 3454
4.568 3454
4.584 3454
4.615 3454
4.648 3454
4.685 3454
4.736 3454
4.768 3454
4.81 3453
4.848 3453
4.891 3453
4.915 3453
4.951 3453
4.967 3453
4.987 3453
5.023 3453
5.026 3453
5.061 3453
5.092 3453
5.138 3453
5.158 3451
5.18 3451
5.184 3451
5.219 3451
5.25 3451
5.266 3451
5.298 3451
5.332 3451
5.374 3451
5.41 3451
5.456 3451
5.493 3451
5.528 3451
5.558 3449
5.602 3448
5.637 3448
5.678 3448
5.701 3447
5.735 3447
5.772 3445
5.811 3445
5.838 3445
5.882 3445
5.922 3445
5.975 3445
6.017 3445
6.063 3445
6.08 3445
6.101 3445
6.156 3445
6.19 3445
6.231 3445
6.247 3445
6.249 3445
6.293 3445
6.334 3445
6.368 3445
6.395 3445
6.424 3445
6.451 3445
6.498 3445
6.528 3445
6.556 3444
6.597 3444
6.632 3444
6.668 3444
6.712 3443
6.743 3443
6.768 3443
6.806 3442
6.842 3442
6.88 3442
6.904 3441
6.941 3441
6.973 3441
7.021 3441
7.041 3441
7.075 3441
7.104 3440
7.144 3440
7.184 3440
7.218 3440
7.232 3440
7.284 3439
7.315 3439
7.349 3439
7.411 3439
7.439 3439
7.443 3439
7.484 3439
7.499 3439
7.533 3438
7.561 3438
7.568 3438
7.616 3438
7.645 3438
7.669 3438
7.692 3438
7.726 3438
7.763 3438
7.806 3438
7.85 3438
7.882 3438
7.93 3438
7.967 3438
7.996 3438
8.013 3438
8.037 3438
8.066 3438
8.095 3438
8.125 3437
8.161 3435
8.198 3435
8.238 3435
8.271 3435
8.316 3435
8.347 3435
8.393 3435
8.438 3435
8.465 3435
8.517 3435
8.548 3435
8.582 3435
8.621 3433
8.653 3433
8.672 3433
8.705 3433
8.737 3433
8.761 3433
8.793 3433
8.847 3432
8.849 3432
8.888 3432
8.925 3432
8.952 3432
8.989 3432
9.006 3432
9.046 3432
9.083 3431
9.103 3431
9.135 3431
9.181 3431
9.201 3431
9.231 3431
9.261 3431
9.291 3431
9.336 3431
9.369 3431
9.386 3431
9.416 3431
9.462 3431
9.49 3431
9.521 3431
9.552 3431
9.585 3431
9.617 3429
9.645 3429
9.68 3429
9.69 3429
9.715 3429
9.755 3428
9.79 3428
9.807 3428
9.833 3428
9.868 3428
9.896 3427
9.898 3427
9.938 3427
9.965 3427
9.996 3427
10.035 3427
