0 3697
0.573 3660
0.742 3660
0.902 3644
1.054 3644
1.229 3620
1.434 3612
1.616 3607
1.791 3605
2.013 3603
2.147 3596
2.359 3582
2.527 3578
2.838 3566
3.09 3557
3.247 3557
3.378 3557
3.561 3553
3.67 3553
3.962 3549
4.103 3549
4.307 3538
4.472 3538
4.577 3532
4.726 3532
4.907 3524
4.963 3524
5.102 3524
5.269 3520
5.48 3519
5.58 3516
5.682 3516
5.812 3514
5.934 3511
6.14 3511
6.298 3506
6.423 3506
6.561 3504
6.783 3500
6.889 3500
6.995 3498
7.176 3498
7.329 3495
7.535 3495
7.727 3494
7.928 3494
8.029 3494
8.184 3492
8.425 3490
8.6 3490
8.762 3488
8.916 3484
9.078 3484
9.223 3484
9.411 3484
9.592 3483
9.825 3481
9.997 3481
