0.262000 3690
0.485000 3657
0.672000 3642
0.824000 3626
0.977000 3609
1.078000 3609
1.161000 3597
1.411000 3597
1.698000 3582
2.009000 3566
2.207000 3566
2.411000 3564
2.523000 3558
2.743000 3548
2.995000 3544
3.187000 3535
3.321000 3535
3.461000 3533
3.621000 3532
3.832000 3530
4.022000 3524
4.192000 3524
4.350000 3520
4.524000 3520
4.725000 3520
4.867000 3516
5.081000 3516
5.265000 3511
5.433000 3505
5.589000 3505
5.692000 3502
5.872000 3502
6.038000 3502
6.270000 3502
6.433000 3499
6.579000 3496
6.731000 3496
6.827000 3489
6.913000 3489
6.972000 3482
7.102000 3482
7.229000 3482
7.428000 3481
7.562000 3481
7.805000 3481
7.901000 3481
7.974000 3481
8.136000 3481
8.366000 3481
8.554000 3481
8.705000 3481
8.900000 3481
9.007000 3479
9.177000 3479
9.366000 3479
9.553000 3477
9.715000 3475
9.855000 3474
9.965000 3474
10.119000 3472
