0 3698
0.304 3695
0.42 3652
0.578 3629
0.706 3622
0.852 3605
0.926 3599
1.103 3588
1.196 3587
1.314 3575
1.39 3575
1.508 3566
1.646 3558
1.722 3557
1.842 3549
1.965 3549
2.075 3549
2.25 3539
2.326 3532
2.481 3528
2.68 3527
2.815 3522
2.985 3522
3.078 3517
3.185 3516
3.27 3512
3.375 3506
3.481 3501
3.607 3501
3.737 3494
3.82 3494
3.951 3494
4.062 3494
4.174 3493
4.325 3490
4.457 3488
4.566 3488
4.638 3488
4.744 3487
4.829 3481
4.945 3481
5.1 3481
5.175 3481
5.232 3476
5.335 3474
5.411 3474
5.51 3474
5.59 3474
5.729 3474
5.806 3474
5.933 3472
6.091 3472
6.211 3471
6.3 3471
6.384 3471
6.56 3468
6.757 3468
6.883 3468
7.018 3468
7.111 3467
7.199 3467
7.312 3466
7.453 3465
7.528 3465
7.58 3465
7.654 3464
7.738 3461
7.892 3461
7.903 3461
8.081 3459
8.189 3459
8.334 3459
8.375 3459
8.487 3459
8.576 3457
8.683 3457
8.806 3457
8.968 3457
9.057 3457
9.128 3456
9.27 3456
9.388 3456
9.524 3453
9.654 3453
9.773 3453
9.85 3453
9.934 3451
10.049 3451
