0 3799
0.053 3716
0.104 3667
0.151 3644
0.199 3632
0.241 3632
0.3 3609
0.358 3591
0.383 3591
0.419 3591
0.482 3574
0.528 3574
0.599 3562
0.65 3558
0.706 3553
0.755 3553
0.815 3544
0.861 3535
0.919 3535
0.971 3532
1.026 3524
1.079 3524
1.13 3524
1.201 3524
1.235 3524
1.293 3518
1.326 3518
1.366 3516
1.437 3512
1.492 3512
1.545 3510
1.582 3508
1.64 3505
1.688 3505
1.741 3505
1.786 3505
1.815 3504
1.837 3502
1.893 3502
1.934 3501
1.991 3498
2.054 3496
2.111 3496
2.149 3493
2.203 3493
2.242 3493
2.282 3493
2.322 3490
2.371 3490
2.41 3490
2.431 3486
2.474 3483
2.539 3482
2.627 3478
2.678 3477
2.741 3475
2.799 3474
2.862 3471
2.909 3471
2.939 3470
2.982 3470
3.038 3470
3.071 3469
3.124 3469
3.189 3468
3.228 3468
3.273 3468
3.296 3467
3.34 3465
3.381 3465
3.428 3465
3.492 3463
3.549 3463
3.612 3463
3.653 3463
3.712 3461
3.75 3461
3.798 3461
3.855 3461
3.891 3461
3.929 3461
3.962 3461
4 3460
4.062 3460
4.088 3458
4.123 3458
4.167 3458
4.219 3458
4.257 3458
4.313 3458
4.372 3456
4.433 3455
4.481 3455
4.55 3454
4.569 3454
4.629 3451
4.674 3451
4.722 3451
4.771 3451
4.81 3451
4.877 3450
4.948 3450
4.994 3450
5.05 3450
5.087 3449
5.136 3449
5.188 3449
5.237 3449
5.27 3449
5.313 3449
5.354 3449
5.397 3449
5.445 3449
5.49 3448
5.548 3448
5.579 3448
5.624 3448
5.682 3448
5.717 3448
5.763 3447
5.791 3447
5.843 3446
5.892 3446
5.96 3446
5.989 3445
6.029 3445
6.092 3443
6.133 3443
6.175 3442
6.226 3442
6.268 3442
6.328 3442
6.357 3442
6.412 3442
6.486 3442
6.515 3442
6.562 3442
6.604 3442
6.657 3442
6.698 3442
6.744 3442
6.793 3442
6.84 3442
6.873 3442
6.918 3441
6.986 3441
7.054 3441
7.088 3441
7.131 3441
7.177 3441
7.209 3441
7.27 3441
7.332 3441
7.387 3441
7.42 3440
7.457 3440
7.491 3440
7.534 3440
7.591 3440
7.642 3440
7.718 3440
7.76 3440
7.787 3439
7.819 3439
7.848 3439
7.877 3439
7.918 3439
7.971 3439
8.006 3438
8.043 3438
8.081 3438
8.13 3438
8.191 3438
8.244 3438
8.3 3438
8.352 3438
8.394 3438
8.433 3438
8.468 3438
8.502 3438
8.544 3438
8.576 3438
8.611 3437
8.669 3437
8.717 3437
8.752 3437
8.797 3437
8.849 3437
8.9 3437
8.935 3437
8.973 3437
9 3436
9.061 3436
9.101 3436
9.131 3436
9.164 3436
9.2 3436
9.217 3436
9.268 3436
9.301 3436
9.34 3436
9.379 3436
9.41 3436
9.462 3435
9.52 3435
9.57 3435
9.618 3435
9.661 3435
9.7 3435
9.745 3435
9.799 3435
9.846 3435
9.87 3435
9.913 3435
9.95 3435
10.006 3434
