0 3811
0.076 3700
0.133 3667
0.173 3637
0.24 3627
0.278 3615
0.324 3606
0.36 3601
0.362 3601
0.411 3586
0.473 3586
0.508 3573
0.586 3562
0.636 3562
0.697 3562
0.742 3553
0.811 3553
0.864 3540
0.924 3535
0.982 3531
1.023 3524
1.07 3524
1.144 3519
1.188 3518
1.23 3518
1.287 3510
1.341 3510
1.424 3510
1.445 3510
1.488 3509
1.545 3504
1.59 3504
1.648 3498
1.693 3498
1.752 3498
1.791 3495
1.847 3494
1.889 3491
1.939 3491
1.98 3491
2.029 3491
2.119 3478
2.167 3478
2.233 3478
2.275 3478
2.323 3478
2.378 3478
2.402 3476
2.455 3476
2.477 3476
2.535 3476
2.57 3470
2.625 3469
2.658 3469
2.723 3469
2.761 3467
2.816 3467
2.878 3467
2.932 3466
2.987 3466
3.009 3466
3.057 3466
3.123 3466
3.15 3466
3.198 3466
3.259 3465
3.297 3465
3.343 3464
3.385 3464
3.432 3464
3.479 3464
3.5 3460
3.535 3460
3.571 3460
3.612 3458
3.666 3457
3.736 3457
3.764 3457
3.812 3457
3.875 3457
3.92 3451
3.96 3451
3.965 3451
4.016 3451
4.059 3451
4.105 3451
4.132 3451
4.165 3451
4.206 3450
4.257 3450
4.309 3450
4.335 3450
4.373 3450
4.415 3450
4.458 3449
4.501 3449
4.578 3449
4.632 3448
4.709 3448
4.76 3448
4.828 3446
4.868 3446
4.905 3446
4.953 3446
4.999 3446
5.036 3446
5.101 3446
5.149 3446
5.199 3446
5.232 3446
5.281 3444
5.34 3444
5.366 3444
5.384 3444
5.425 3444
5.467 3444
5.504 3444
5.558 3444
5.596 3444
5.654 3443
5.683 3443
5.702 3443
5.739 3443
5.781 3442
5.822 3442
5.867 3442
5.908 3442
5.924 3442
5.988 3442
6.053 3442
6.107 3442
6.151 3441
6.196 3440
6.233 3440
6.286 3440
6.355 3439
6.395 3439
6.454 3439
6.494 3438
6.541 3438
6.557 3438
6.598 3437
6.637 3437
6.689 3436
6.716 3436
6.764 3436
6.817 3436
6.853 3436
6.904 3436
6.934 3436
6.992 3435
7.056 3435
7.11 3435
7.151 3435
7.196 3435
7.255 3435
7.297 3434
7.364 3434
7.406 3434
7.448 3433
7.458 3433
7.504 3433
7.552 3432
7.617 3432
7.689 3430
7.738 3430
7.771 3430
7.814 3430
7.846 3430
7.883 3430
7.918 3430
7.986 3430
8.029 3430
8.085 3430
8.12 3430
8.185 3430
8.231 3430
8.281 3430
8.347 3430
8.382 3430
8.416 3430
8.451 3430
8.465 3430
8.52 3430
8.56 3430
8.594 3430
8.636 3430
8.684 3430
8.729 3428
8.783 3428
8.822 3428
8.86 3427
8.926 3427
8.96 3427
8.979 3427
9.016 3427
9.054 3427
9.092 3427
9.152 3427
9.206 3427
9.235 3427
9.293 3427
9.341 3427
9.406 3427
9.436 3427
9.459 3427
9.514 3427
9.59 3427
9.662 3427
9.728 3427
9.777 3427
9.815 3427
9.864 3427
9.928 3426
10.005 3425
