0 3698
0.317 3656
0.443 3652
0.562 3650
0.676 3643
0.789 3614
0.861 3614
0.971 3598
1.031 3598
1.057 3598
1.162 3595
1.296 3590
1.393 3578
1.481 3574
1.602 3566
1.712 3558
1.716 3558
1.817 3557
1.95 3550
2.064 3550
2.175 3541
2.288 3541
2.455 3536
2.583 3530
2.712 3530
2.833 3530
2.925 3530
3.084 3522
3.222 3522
3.363 3522
3.511 3517
3.555 3517
3.661 3516
3.767 3512
3.866 3505
3.98 3505
4.135 3505
4.234 3501
4.313 3501
4.393 3498
4.432 3498
4.519 3498
4.642 3498
4.718 3491
4.827 3491
4.902 3491
5.077 3489
5.187 3489
5.271 3485
5.407 3485
5.54 3485
5.637 3485
5.789 3482
5.899 3482
6.019 3481
6.092 3481
6.187 3477
6.346 3477
6.445 3477
6.57 3473
6.646 3473
6.772 3473
6.899 3473
6.992 3473
7.114 3473
7.227 3473
7.298 3472
7.446 3472
7.573 3471
7.682 3471
7.783 3468
7.897 3468
8.039 3468
8.185 3468
8.263 3468
8.415 3468
8.517 3467
8.648 3467
8.784 3467
8.88 3465
8.957 3465
9.104 3463
9.188 3459
9.294 3459
9.414 3459
9.5 3459
9.596 3459
9.653 3459
9.729 3459
9.819 3459
9.874 3459
10.002 3459
