0.151000 3692
0.374000 3660
0.585000 3638
0.714000 3612
0.977000 3597
1.128000 3597
1.330000 3591
1.493000 3579
1.541000 3579
1.739000 3567
2.005000 3552
2.162000 3541
2.294000 3541
2.463000 3541
2.707000 3541
2.786000 3541
2.865000 3541
3.062000 3530
3.267000 3523
3.498000 3522
3.684000 3521
3.939000 3521
4.080000 3521
4.241000 3520
4.372000 3520
4.519000 3516
4.698000 3510
4.881000 3505
5.184000 3505
5.395000 3505
5.639000 3505
5.769000 3504
5.929000 3504
6.110000 3501
6.282000 3497
6.528000 3494
6.618000 3494
6.812000 3488
7.023000 3485
7.168000 3485
7.327000 3484
7.517000 3484
7.765000 3482
7.947000 3482
8.240000 3478
8.297000 3478
8.555000 3474
8.731000 3474
8.920000 3474
9.035000 3474
9.237000 3474
9.387000 3474
9.515000 3473
9.783000 3471
9.866000 3469
10.075000 3469
