0 3800
0.087 3693
0.147 3666
0.216 3651
0.263 3651
0.319 3634
0.404 3615
0.448 3612
0.533 3596
0.588 3583
0.665 3571
0.713 3569
0.793 3563
0.842 3559
0.886 3555
0.92 3547
0.961 3540
1.009 3540
1.052 3540
1.087 3540
1.123 3540
1.195 3530
1.242 3530
1.294 3530
1.38 3530
1.452 3529
1.505 3528
1.56 3524
1.599 3518
1.653 3518
1.697 3518
1.769 3510
1.796 3510
1.825 3510
1.854 3510
1.939 3508
2.004 3508
2.05 3506
2.091 3505
2.162 3505
2.239 3502
2.281 3501
2.312 3492
2.369 3492
2.425 3492
2.481 3490
2.514 3489
2.56 3489
2.616 3489
2.649 3489
2.688 3489
2.787 3488
2.834 3486
2.894 3486
2.938 3483
3.013 3483
3.043 3483
3.084 3483
3.136 3483
3.183 3483
3.226 3481
3.291 3481
3.33 3480
3.362 3480
3.391 3479
3.444 3479
3.48 3479
3.552 3479
3.608 3479
3.654 3478
3.698 3477
3.741 3475
3.805 3473
3.88 3473
3.93 3473
3.999 3473
4.034 3472
4.091 3472
4.147 3472
4.201 3472
4.234 3471
4.287 3470
4.339 3470
4.39 3469
4.465 3469
4.505 3467
4.552 3466
4.609 3464
4.655 3464
4.706 3464
4.756 3464
4.833 3462
4.879 3462
4.895 3462
4.96 3462
5.013 3462
5.072 3460
5.104 3460
5.108 3460
5.137 3459
5.19 3459
5.23 3459
5.267 3459
5.316 3456
5.344 3456
5.398 3456
5.446 3456
5.467 3456
5.535 3456
5.578 3456
5.596 3456
5.643 3456
5.679 3456
5.725 3454
5.765 3454
5.805 3454
5.857 3454
5.897 3454
5.958 3454
6.012 3454
6.044 3454
6.09 3454
6.138 3454
6.193 3454
6.241 3454
6.294 3452
6.342 3452
6.369 3451
6.414 3451
6.46 3449
6.501 3448
6.547 3448
6.57 3448
6.621 3448
6.662 3447
6.704 3447
6.746 3447
6.796 3447
6.844 3447
6.885 3447
6.928 3447
6.967 3447
7.007 3447
7.052 3447
7.092 3447
7.135 3447
7.168 3447
7.208 3447
7.243 3447
7.285 3447
7.349 3447
7.409 3447
7.444 3447
7.481 3447
7.544 3447
7.589 3447
7.634 3446
7.687 3446
7.714 3446
7.733 3446
7.769 3446
7.814 3446
7.846 3446
7.897 3446
7.945 3446
7.974 3446
8.018 3446
8.058 3446
8.098 3446
8.156 3446
8.208 3446
8.247 3446
8.31 3445
8.372 3445
8.409 3445
8.467 3445
8.496 3445
8.533 3445
8.576 3445
8.605 3445
8.64 3445
8.692 3445
8.729 3445
8.802 3445
8.842 3445
8.915 3445
8.95 3445
8.993 3445
9.056 3445
9.084 3444
9.119 3444
9.185 3444
9.211 3444
9.243 3443
9.286 3443
9.332 3443
9.395 3443
9.43 3443
9.464 3442
9.522 3442
9.582 3442
9.628 3442
9.679 3442
9.714 3442
9.743 3442
9.789 3442
9.858 3442
9.89 3442
9.929 3442
9.988 3441
10.03 3441
