0.107000 3669
0.201000 3638
0.289000 3624
0.332000 3620
0.432000 3604
0.493000 3592
0.580000 3592
0.653000 3577
0.720000 3570
0.804000 3562
0.843000 3562
0.957000 3553
1.011000 3540
1.085000 3534
1.163000 3534
1.218000 3534
1.277000 3527
1.393000 3527
1.467000 3527
1.542000 3521
1.651000 3514
1.734000 3514
1.812000 3511
1.893000 3511
1.965000 3510
2.031000 3510
2.119000 3506
2.209000 3506
2.236000 3506
2.299000 3506
2.385000 3502
2.480000 3493
2.540000 3493
2.594000 3493
2.627000 3493
2.679000 3489
2.763000 3489
2.831000 3486
2.896000 3485
2.973000 3485
3.059000 3485
3.119000 3485
3.203000 3482
3.262000 3480
3.309000 3480
3.377000 3480
3.413000 3480
3.472000 3480
3.522000 3480
3.607000 3478
3.722000 3477
3.776000 3477
3.891000 3476
4.007000 3473
4.086000 3470
4.163000 3468
4.244000 3468
4.324000 3468
4.392000 3468
4.466000 3468
4.544000 3466
4.600000 3466
4.665000 3466
4.723000 3465
4.812000 3463
4.882000 3461
4.972000 3461
5.039000 3461
5.134000 3460
5.225000 3460
5.321000 3457
5.404000 3456
5.457000 3456
5.544000 3456
5.601000 3456
5.700000 3456
5.763000 3454
5.835000 3454
5.947000 3454
5.993000 3454
6.072000 3454
6.116000 3454
6.209000 3452
6.291000 3452
6.362000 3452
6.418000 3452
6.445000 3452
6.507000 3450
6.570000 3449
6.648000 3449
6.726000 3449
6.775000 3448
6.838000 3448
6.932000 3448
7.016000 3448
7.107000 3447
7.159000 3447
7.236000 3447
7.307000 3447
7.361000 3447
7.424000 3447
7.464000 3447
7.550000 3446
7.589000 3444
7.645000 3444
7.733000 3444
7.799000 3443
7.875000 3443
7.953000 3443
8.001000 3443
8.067000 3443
8.116000 3443
8.215000 3443
8.258000 3443
8.317000 3443
8.399000 3442
8.471000 3442
8.522000 3441
8.584000 3441
8.638000 3441
8.706000 3441
8.800000 3441
8.842000 3441
8.917000 3441
8.969000 3441
9.052000 3441
9.136000 3441
9.210000 3441
9.274000 3441
9.329000 3441
9.402000 3440
9.473000 3440
9.522000 3440
9.572000 3439
9.644000 3439
9.727000 3438
9.809000 3438
9.902000 3438
10.000000 3438
