0.099000 3666
0.202000 3638
0.285000 3616
0.371000 3614
0.432000 3602
0.515000 3591
0.568000 3583
0.656000 3578
0.704000 3574
0.794000 3567
0.871000 3559
0.942000 3552
0.983000 3552
1.038000 3552
1.106000 3552
1.169000 3546
1.244000 3541
1.334000 3541
1.417000 3537
1.492000 3536
1.596000 3529
1.683000 3523
1.741000 3521
1.815000 3517
1.866000 3516
1.941000 3516
2.050000 3512
2.117000 3508
2.205000 3508
2.293000 3498
2.373000 3498
2.403000 3498
2.470000 3494
2.561000 3494
2.628000 3489
2.713000 3489
2.773000 3486
2.841000 3486
2.884000 3486
2.992000 3485
3.093000 3483
3.135000 3483
3.212000 3481
3.302000 3480
3.343000 3480
3.465000 3478
3.519000 3478
3.593000 3478
3.680000 3471
3.735000 3471
3.786000 3471
3.838000 3471
3.927000 3471
4.008000 3471
4.094000 3470
4.193000 3469
4.253000 3467
4.325000 3466
4.402000 3466
4.473000 3466
4.538000 3466
4.588000 3463
4.665000 3462
4.732000 3462
4.816000 3462
4.923000 3462
4.971000 3462
5.032000 3460
5.116000 3458
5.183000 3458
5.230000 3458
5.294000 3458
5.377000 3457
5.426000 3455
5.493000 3455
5.563000 3452
5.619000 3452
5.662000 3452
5.725000 3451
5.776000 3451
5.807000 3451
5.866000 3451
5.951000 3451
6.006000 3451
6.047000 3448
6.137000 3448
6.194000 3448
6.239000 3448
6.293000 3448
6.354000 3448
6.436000 3448
6.497000 3448
6.548000 3448
6.591000 3447
6.646000 3447
6.741000 3447
6.812000 3447
6.864000 3447
6.957000 3447
6.998000 3447
7.079000 3447
7.164000 3446
7.220000 3446
7.286000 3446
7.341000 3446
7.398000 3446
7.453000 3446
7.551000 3446
7.607000 3446
7.658000 3446
7.723000 3446
7.788000 3446
7.851000 3445
7.935000 3445
8.001000 3445
8.080000 3445
8.139000 3445
8.203000 3445
8.287000 3445
8.416000 3444
8.480000 3444
8.568000 3444
8.646000 3443
8.683000 3443
8.737000 3443
8.790000 3443
8.853000 3442
8.921000 3442
9.008000 3442
9.061000 3442
9.125000 3442
9.186000 3441
9.233000 3440
9.306000 3440
9.397000 3440
9.483000 3438
9.551000 3438
9.645000 3438
9.687000 3438
9.781000 3438
9.862000 3438
9.909000 3438
9.979000 3438
