0 3807
0.111 3695
0.186 3654
0.246 3644
0.317 3644
0.395 3626
0.458 3619
0.529 3606
0.603 3605
0.667 3582
0.778 3573
0.865 3573
0.971 3564
1.036 3550
1.133 3541
1.231 3532
1.314 3524
1.363 3524
1.455 3518
1.536 3518
1.648 3518
1.718 3518
1.802 3516
1.891 3515
1.976 3509
2.058 3509
2.17 3504
2.272 3504
2.367 3501
2.471 3501
2.552 3501
2.611 3501
2.697 3498
2.765 3498
2.816 3498
2.89 3498
2.953 3497
3.021 3497
3.1 3496
3.165 3494
3.228 3494
3.295 3490
3.343 3490
3.446 3488
3.517 3482
3.585 3482
3.646 3482
3.728 3482
3.773 3482
3.844 3480
3.943 3479
4.021 3479
4.105 3479
4.188 3479
4.249 3479
4.313 3477
4.39 3477
4.443 3477
4.524 3476
4.617 3476
4.681 3473
4.744 3473
4.847 3468
4.927 3468
4.994 3466
5.082 3466
5.197 3466
5.283 3460
5.385 3460
5.42 3460
5.516 3460
5.604 3458
5.655 3454
5.747 3454
5.856 3454
5.965 3452
6.065 3452
6.139 3450
6.192 3450
6.264 3449
6.349 3449
6.488 3449
6.562 3449
6.634 3449
6.708 3449
6.757 3449
6.841 3449
6.896 3449
6.947 3449
7.022 3449
7.155 3449
7.247 3449
7.304 3449
7.369 3448
7.449 3448
7.518 3448
7.574 3448
7.644 3448
7.711 3447
7.748 3447
7.818 3446
7.913 3446
7.979 3446
8.047 3446
8.122 3446
8.169 3446
8.202 3444
8.26 3444
8.337 3444
8.396 3443
8.474 3443
8.509 3443
8.555 3443
8.58 3443
8.65 3443
8.698 3443
8.748 3443
8.782 3443
8.856 3443
8.935 3443
9.004 3443
9.05 3443
9.072 3443
9.143 3443
9.213 3442
9.256 3441
9.272 3441
9.34 3441
9.39 3441
9.461 3441
9.529 3440
9.598 3440
9.66 3440
9.762 3440
9.803 3440
9.871 3440
9.922 3440
9.982 3440
10.053 3440
