0.196000 3696
0.318000 3664
0.445000 3642
0.612000 3630
0.712000 3617
0.859000 3603
1.004000 3601
1.263000 3594
1.364000 3577
1.551000 3563
1.662000 3563
1.784000 3560
1.937000 3560
2.088000 3552
2.260000 3550
2.493000 3543
2.776000 3535
2.993000 3535
3.131000 3528
3.253000 3525
3.477000 3520
3.683000 3520
3.849000 3520
3.947000 3518
4.088000 3518
4.170000 3518
4.451000 3513
4.654000 3513
4.888000 3509
5.089000 3506
5.332000 3502
5.441000 3502
5.652000 3500
5.815000 3497
5.989000 3497
6.130000 3490
6.249000 3490
6.415000 3490
6.647000 3487
6.809000 3487
6.903000 3487
7.029000 3485
7.160000 3482
7.359000 3478
7.505000 3478
7.620000 3478
7.795000 3477
8.115000 3475
8.281000 3475
8.425000 3472
8.538000 3472
8.742000 3470
8.912000 3469
9.169000 3469
9.382000 3469
9.484000 3467
9.626000 3467
9.768000 3467
9.950000 3465
10.044000 3465
