0 3716
0.332 3694
0.513 3656
0.669 3656
0.77 3632
0.888 3632
1.003 3627
1.119 3602
1.221 3602
1.324 3593
1.426 3593
1.518 3587
1.652 3587
1.748 3585
1.837 3576
1.964 3576
2.074 3565
2.21 3563
2.344 3553
2.472 3546
2.581 3546
2.743 3545
2.907 3540
2.989 3540
3.066 3535
3.108 3535
3.228 3530
3.346 3522
3.411 3522
3.508 3522
3.533 3522
3.653 3522
3.82 3522
3.889 3522
4.004 3518
4.152 3516
4.28 3516
4.401 3516
4.553 3513
4.646 3510
4.774 3504
4.904 3503
4.992 3503
5.1 3503
5.166 3503
5.242 3502
5.367 3500
5.504 3500
5.606 3500
5.765 3499
5.788 3499
5.9 3496
6.031 3495
6.154 3492
6.261 3489
6.396 3487
6.482 3487
6.58 3487
6.738 3485
6.853 3485
6.987 3485
7.094 3485
7.286 3480
7.415 3479
7.522 3477
7.602 3477
7.752 3477
7.798 3477
7.929 3477
8.036 3477
8.166 3477
8.311 3477
8.372 3477
8.519 3477
8.627 3474
8.747 3473
8.871 3473
9.004 3473
9.094 3471
9.204 3471
9.335 3471
9.38 3471
9.477 3469
9.561 3469
9.722 3467
9.834 3467
10.008 3466
