0 3807
0.089 3703
0.138 3652
0.181 3647
0.209 3637
0.252 3617
0.294 3616
0.335 3602
0.374 3584
0.411 3570
0.444 3570
0.487 3570
0.51 3569
0.552 3569
0.586 3562
0.622 3562
0.664 3553
0.699 3553
0.74 3545
0.747 3545
0.799 3537
0.849 3532
0.905 3529
0.938 3523
0.972 3520
1.006 3520
1.062 3514
1.097 3514
1.148 3514
1.179 3509
1.209 3509
1.239 3505
1.266 3505
1.302 3505
1.335 3505
1.375 3502
1.435 3500
1.439 3500
1.478 3498
1.516 3494
1.56 3494
1.619 3488
1.664 3488
1.699 3488
1.752 3484
1.792 3484
1.824 3483
1.872 3483
1.9 3483
1.952 3481
1.975 3481
2.035 3479
2.088 3477
2.113 3475
2.16 3475
2.18 3475
2.217 3473
2.223 3473
2.247 3473
2.288 3473
2.324 3472
2.37 3469
2.407 3465
2.434 3465
2.473 3465
2.517 3465
2.538 3465
2.563 3465
2.63 3465
2.667 3465
2.696 3462
2.726 3462
2.76 3462
2.764 3462
2.791 3462
2.829 3461
2.835 3461
2.866 3460
2.907 3460
2.926 3460
2.96 3460
2.989 3460
3.04 3458
3.064 3458
3.114 3458
3.148 3458
3.183 3454
3.204 3454
3.209 3454
3.268 3454
3.308 3454
3.346 3454
3.386 3454
3.431 3454
3.466 3454
3.499 3454
3.547 3454
3.581 3453
3.606 3453
3.628 3453
3.672 3452
3.7 3452
3.728 3449
3.77 3449
3.807 3449
3.834 3449
3.841 3449
3.879 3448
3.924 3448
3.965 3448
3.991 3448
4.024 3448
4.068 3446
4.095 3446
4.126 3446
4.156 3446
4.193 3446
4.238 3446
4.279 3445
4.311 3445
4.348 3444
4.373 3444
4.404 3444
4.448 3444
4.48 3443
4.519 3443
4.552 3443
4.591 3443
4.635 3443
4.692 3443
4.697 3443
4.719 3443
4.772 3442
4.807 3442
4.828 3442
4.858 3442
4.889 3442
4.931 3440
4.96 3440
4.987 3440
5.024 3440
5.062 3440
5.082 3440
5.113 3440
5.149 3440
5.17 3440
5.177 3440
5.215 3440
5.251 3436
5.279 3436
5.306 3436
5.335 3436
5.384 3436
5.436 3436
5.477 3436
5.483 3436
5.52 3436
5.545 3436
5.591 3435
5.608 3435
5.638 3435
5.673 3435
5.72 3435
5.758 3435
5.78 3435
5.818 3434
5.848 3434
5.887 3434
5.921 3434
5.949 3434
5.986 3434
6.026 3434
6.042 3434
6.062 3434
6.071 3434
6.091 3434
6.144 3434
6.173 3434
6.214 3434
6.25 3434
6.268 3434
6.291 3434
6.315 3434
6.338 3434
6.387 3433
6.429 3433
6.46 3433
6.467 3433
6.492 3433
6.516 3433
6.551 3433
6.589 3433
6.617 3433
6.657 3433
6.687 3433
6.715 3433
6.745 3433
6.769 3433
6.796 3433
6.837 3432
6.879 3432
6.922 3432
6.965 3432
6.995 3432
7.038 3428
7.075 3428
7.106 3428
7.141 3428
7.175 3428
7.2 3428
7.247 3428
7.275 3428
7.302 3428
7.328 3428
7.338 3428
7.369 3428
7.38 3428
7.407 3427
7.45 3425
7.495 3425
7.531 3425
7.556 3425
7.592 3424
7.609 3424
7.627 3424
7.664 3423
7.709 3423
7.742 3423
7.776 3423
7.818 3423
7.859 3422
7.912 3422
7.954 3422
7.991 3422
8.02 3422
8.043 3422
8.073 3422
8.112 3422
8.142 3422
8.169 3422
8.212 3422
8.231 3422
8.273 3422
8.309 3422
8.338 3422
8.371 3422
8.402 3421
8.405 3421
8.428 3421
8.464 3421
8.491 3421
8.509 3421
8.544 3421
8.574 3420
8.607 3420
8.631 3420
8.67 3420
8.673 3420
8.703 3420
8.735 3420
8.769 3419
8.795 3419
8.828 3419
8.857 3419
8.902 3419
8.929 3419
8.961 3419
8.99 3419
9.014 3419
9.018 3419
9.061 3419
9.107 3419
9.151 3419
9.188 3419
9.223 3419
9.23 3419
9.275 3419
9.31 3419
9.335 3419
9.381 3419
9.411 3419
9.44 3419
9.442 3419
9.478 3419
9.512 3419
9.543 3419
9.587 3419
9.623 3418
9.649 3418
9.681 3418
9.686 3418
9.714 3418
9.74 3418
9.772 3416
9.805 3416
9.835 3416
9.862 3416
9.898 3416
9.937 3416
9.959 3416
9.98 3416
10.011 3416
