0 3807
0.107 3695
0.165 3657
0.248 3644
0.304 3623
0.382 3613
0.421 3600
0.456 3600
0.496 3593
0.547 3580
0.611 3568
0.671 3560
0.706 3555
0.74 3546
0.78 3546
0.809 3546
0.876 3536
0.949 3532
0.992 3532
1.066 3532
1.119 3529
1.179 3525
1.248 3521
1.31 3517
1.355 3516
1.423 3512
1.468 3508
1.558 3508
1.641 3508
1.697 3504
1.767 3504
1.828 3504
1.892 3497
1.944 3497
1.951 3497
2.025 3496
2.088 3491
2.189 3489
2.239 3489
2.298 3489
2.411 3483
2.463 3483
2.537 3483
2.587 3483
2.606 3483
2.66 3478
2.713 3478
2.744 3478
2.796 3477
2.832 3477
2.856 3477
2.896 3477
2.92 3477
2.971 3477
3.024 3476
3.084 3473
3.143 3473
3.196 3473
3.238 3473
3.288 3472
3.365 3470
3.42 3470
3.493 3468
3.547 3467
3.613 3466
3.653 3466
3.73 3466
3.79 3466
3.847 3465
3.886 3465
3.933 3465
4.003 3465
4.056 3465
4.119 3463
4.158 3463
4.202 3461
4.254 3461
4.307 3461
4.357 3460
4.393 3460
4.43 3458
4.486 3458
4.547 3458
4.596 3458
4.631 3458
4.675 3458
4.728 3456
4.784 3456
4.846 3456
4.893 3456
4.951 3456
5.002 3454
5.056 3454
5.1 3454
5.138 3454
5.16 3454
5.252 3451
5.312 3451
5.339 3451
5.379 3451
5.418 3451
5.468 3451
5.511 3451
5.527 3451
5.584 3451
5.609 3451
5.657 3451
5.701 3448
5.769 3448
5.812 3447
5.849 3447
5.908 3447
5.913 3447
5.964 3447
5.98 3447
5.997 3447
6.052 3446
6.101 3446
6.132 3446
6.17 3446
6.225 3446
6.272 3445
6.336 3445
6.391 3445
6.449 3444
6.501 3444
6.549 3444
6.6 3442
6.643 3442
6.671 3442
6.701 3442
6.755 3442
6.798 3442
6.841 3442
6.886 3442
6.918 3441
6.968 3441
6.999 3441
7.053 3441
7.124 3441
7.183 3441
7.224 3440
7.291 3440
7.34 3440
7.402 3439
7.457 3439
7.496 3439
7.545 3439
7.562 3439
7.614 3438
7.698 3438
7.746 3438
7.813 3438
7.866 3438
7.908 3438
7.964 3437
8.006 3437
8.056 3436
8.097 3436
8.181 3434
8.211 3434
8.252 3434
8.309 3434
8.365 3433
8.426 3433
8.45 3433
8.515 3433
8.569 3433
8.61 3433
8.658 3433
8.7 3433
8.746 3433
8.805 3432
8.837 3432
8.891 3430
8.925 3430
8.962 3430
8.987 3430
9.055 3430
9.105 3430
9.147 3430
9.187 3430
9.21 3430
9.238 3430
9.292 3430
9.326 3430
9.364 3430
9.419 3430
9.451 3430
9.507 3430
9.568 3429
9.612 3429
9.653 3428
9.699 3427
9.733 3427
9.776 3427
9.823 3427
9.853 3427
9.899 3427
9.927 3427
9.982 3427
10.03 3427
