0 3704
0.438 3675
0.638 3654
0.753 3641
0.932 3616
1.095 3603
1.254 3603
1.428 3587
1.65 3587
1.851 3569
1.988 3563
2.178 3560
2.316 3556
2.479 3553
2.622 3546
2.733 3540
2.877 3528
3.006 3528
3.271 3528
3.437 3521
3.612 3521
3.707 3521
3.826 3521
3.942 3514
4.132 3514
4.258 3514
4.407 3511
4.609 3509
4.762 3509
4.925 3506
5.124 3502
5.321 3501
5.553 3500
5.718 3494
5.893 3490
6.054 3490
6.322 3488
6.396 3488
6.551 3488
6.677 3483
6.849 3482
6.991 3482
7.189 3482
7.304 3480
7.469 3480
7.618 3480
7.79 3480
8.008 3476
8.228 3476
8.355 3473
8.442 3473
8.587 3473
8.753 3473
8.916 3473
9.166 3472
9.27 3469
9.404 3469
9.57 3469
9.711 3469
9.927 3468
10.08 3464
