0 3716
0.344 3684
0.515 3671
0.661 3631
0.787 3625
0.926 3604
1.062 3593
1.163 3588
1.311 3588
1.468 3576
1.595 3574
1.714 3571
1.794 3565
1.907 3562
2.05 3560
2.183 3558
2.265 3556
2.403 3545
2.52 3545
2.682 3542
2.849 3539
2.955 3538
3.106 3533
3.178 3533
3.288 3533
3.413 3533
3.566 3528
3.704 3524
3.854 3523
4.009 3520
4.109 3520
4.221 3517
4.322 3517
4.404 3515
4.564 3515
4.662 3511
4.866 3511
4.994 3511
5.11 3506
5.256 3506
5.332 3506
5.416 3505
5.496 3505
5.541 3505
5.647 3502
5.751 3501
5.916 3496
6.013 3496
6.091 3494
6.231 3492
6.301 3487
6.401 3487
6.509 3487
6.646 3487
6.831 3487
6.948 3486
7.06 3486
7.211 3486
7.301 3484
7.382 3483
7.421 3483
7.537 3483
7.673 3481
7.789 3479
7.859 3479
7.964 3476
8.136 3476
8.255 3476
8.44 3476
8.571 3475
8.691 3473
8.836 3472
8.966 3472
9.076 3472
9.262 3472
9.365 3472
9.44 3472
9.515 3471
9.65 3471
9.765 3469
9.873 3469
9.97 3468
10.036 3468
