0 3697
0.493 3672
0.611 3664
0.754 3640
0.83 3629
0.961 3609
1.123 3609
1.248 3598
1.332 3595
1.493 3581
1.644 3579
1.814 3567
1.88 3562
2.159 3562
2.25 3559
2.384 3556
2.499 3549
2.679 3548
2.792 3538
2.906 3534
3.037 3534
3.133 3534
3.316 3532
3.394 3532
3.557 3527
3.64 3527
3.797 3519
3.933 3516
4.117 3516
4.211 3516
4.302 3512
4.429 3512
4.564 3506
4.725 3502
4.833 3502
5.019 3499
5.199 3499
5.311 3493
5.471 3493
5.551 3493
5.664 3493
5.8 3493
5.944 3493
6.069 3490
6.172 3490
6.322 3490
6.444 3490
6.478 3490
6.576 3489
6.684 3489
6.835 3486
6.975 3483
7.143 3483
7.261 3483
7.394 3482
7.505 3482
7.619 3481
7.727 3476
7.804 3476
7.954 3476
8.1 3475
8.242 3475
8.338 3475
8.499 3475
8.627 3475
8.742 3475
8.864 3474
8.98 3474
9.15 3474
9.318 3474
9.485 3473
9.574 3473
9.664 3472
9.791 3472
9.971 3471
10.082 3469
