0 3811
0.183 3690
0.33 3668
0.536 3649
0.719 3635
0.852 3624
1.024 3609
1.262 3596
1.413 3596
1.668 3576
1.835 3576
2.03 3563
2.152 3563
2.305 3551
2.459 3551
2.696 3547
2.919 3542
3.014 3537
3.191 3534
3.359 3528
3.538 3516
3.659 3516
3.826 3516
3.999 3516
4.183 3511
4.38 3511
4.471 3510
4.609 3506
4.803 3504
4.926 3504
5.063 3504
5.236 3502
5.433 3502
5.644 3498
5.846 3497
6.051 3495
6.181 3495
6.361 3495
6.572 3493
6.718 3487
6.844 3487
7.127 3487
7.231 3487
7.429 3487
7.657 3484
7.796 3484
8.011 3484
8.253 3481
8.434 3476
8.588 3472
8.717 3472
8.91 3472
9.09 3472
9.269 3472
9.529 3472
9.681 3469
9.877 3469
10.022 3469
