0.078000 3703
0.175000 3652
0.250000 3633
0.314000 3633
0.384000 3625
0.451000 3608
0.513000 3608
0.623000 3603
0.695000 3602
0.772000 3596
0.875000 3586
0.981000 3569
1.059000 3560
1.154000 3551
1.246000 3546
1.304000 3546
1.360000 3546
1.416000 3540
1.479000 3540
1.568000 3533
1.632000 3530
1.687000 3530
1.723000 3530
1.809000 3528
1.893000 3528
1.966000 3522
2.007000 3522
2.144000 3518
2.206000 3518
2.274000 3513
2.332000 3513
2.414000 3509
2.465000 3507
2.567000 3507
2.643000 3504
2.684000 3502
2.754000 3502
2.837000 3498
2.971000 3498
3.082000 3489
3.177000 3489
3.217000 3487
3.269000 3487
3.351000 3485
3.458000 3485
3.509000 3485
3.593000 3485
3.649000 3484
3.741000 3482
3.786000 3482
3.860000 3482
3.950000 3480
4.005000 3479
4.075000 3476
4.173000 3476
4.261000 3476
4.315000 3476
4.380000 3470
4.490000 3468
4.611000 3468
4.670000 3467
4.770000 3466
4.824000 3466
4.903000 3466
4.979000 3466
5.059000 3465
5.117000 3465
5.201000 3465
5.271000 3463
5.355000 3463
5.438000 3462
5.530000 3461
5.574000 3461
5.632000 3461
5.704000 3461
5.771000 3461
5.856000 3461
5.905000 3461
5.996000 3460
6.047000 3460
6.106000 3460
6.181000 3457
6.273000 3457
6.331000 3457
6.402000 3457
6.455000 3457
6.536000 3456
6.598000 3456
6.681000 3455
6.731000 3455
6.796000 3455
6.856000 3455
6.891000 3455
6.945000 3455
7.044000 3453
7.134000 3450
7.222000 3450
7.266000 3450
7.339000 3450
7.393000 3450
7.459000 3450
7.511000 3450
7.563000 3450
7.640000 3450
7.724000 3450
7.759000 3450
7.842000 3450
7.935000 3450
7.995000 3449
8.057000 3448
8.126000 3447
8.214000 3447
8.263000 3447
8.329000 3447
8.397000 3447
8.507000 3447
8.614000 3447
8.676000 3447
8.716000 3447
8.769000 3446
8.842000 3446
8.874000 3446
8.931000 3446
9.001000 3444
9.083000 3444
9.161000 3444
9.214000 3444
9.250000 3444
9.296000 3444
9.362000 3444
9.427000 3444
9.463000 3444
9.518000 3444
9.593000 3444
9.640000 3444
9.692000 3444
9.759000 3444
9.845000 3444
9.916000 3443
9.998000 3443
