0.109000 3696
0.164000 3674
0.215000 3652
0.297000 3633
0.383000 3620
0.474000 3619
0.552000 3603
0.636000 3593
0.740000 3580
0.824000 3577
0.889000 3572
0.967000 3566
1.045000 3550
1.130000 3550
1.204000 3550
1.270000 3550
1.380000 3542
1.448000 3532
1.517000 3524
1.632000 3523
1.718000 3518
1.809000 3518
1.888000 3518
1.968000 3518
2.047000 3518
2.132000 3513
2.224000 3511
2.277000 3511
2.372000 3509
2.472000 3506
2.565000 3506
2.682000 3502
2.740000 3499
2.820000 3497
2.879000 3497
2.967000 3495
3.036000 3494
3.124000 3493
3.204000 3490
3.313000 3484
3.375000 3484
3.486000 3484
3.584000 3484
3.653000 3484
3.729000 3484
3.766000 3483
3.843000 3483
3.884000 3482
3.946000 3482
3.996000 3480
4.059000 3480
4.134000 3479
4.206000 3477
4.285000 3477
4.347000 3477
4.385000 3475
4.462000 3475
4.563000 3472
4.619000 3472
4.698000 3472
4.774000 3472
4.841000 3472
4.880000 3472
4.951000 3472
5.018000 3472
5.078000 3472
5.139000 3472
5.190000 3472
5.243000 3472
5.314000 3471
5.354000 3471
5.429000 3470
5.491000 3470
5.598000 3468
5.667000 3468
5.714000 3466
5.789000 3466
5.854000 3466
5.916000 3466
5.995000 3465
6.084000 3465
6.134000 3465
6.232000 3465
6.290000 3465
6.348000 3465
6.384000 3461
6.446000 3461
6.525000 3461
6.578000 3461
6.707000 3461
6.788000 3461
6.860000 3461
6.932000 3461
6.974000 3461
7.035000 3461
7.102000 3459
7.147000 3459
7.221000 3459
7.281000 3459
7.343000 3459
7.425000 3459
7.502000 3457
7.637000 3456
7.693000 3456
7.758000 3456
7.814000 3456
7.904000 3456
7.981000 3456
8.049000 3456
8.112000 3456
8.180000 3456
8.236000 3456
8.302000 3455
8.351000 3455
8.451000 3455
8.541000 3455
8.607000 3453
8.667000 3453
8.720000 3453
8.772000 3453
8.849000 3452
8.915000 3452
8.986000 3452
9.038000 3452
9.127000 3449
9.175000 3449
9.203000 3449
9.281000 3449
9.348000 3449
9.424000 3449
9.474000 3449
9.554000 3449
9.593000 3448
9.660000 3448
9.723000 3447
9.787000 3447
9.888000 3447
9.958000 3447
10.050000 3447
