0 3716
0.372 3692
0.538 3664
0.649 3664
0.785 3639
0.902 3631
1.027 3619
1.117 3609
1.312 3609
1.583 3597
1.724 3593
1.885 3590
1.985 3585
2.222 3573
2.379 3570
2.603 3562
2.873 3562
3.114 3554
3.289 3550
3.565 3546
3.714 3538
3.853 3534
4.003 3534
4.16 3534
4.333 3533
4.513 3528
4.714 3525
4.913 3513
5.102 3513
5.258 3513
5.48 3513
5.596 3513
5.777 3513
6.027 3512
6.134 3512
6.304 3506
6.537 3503
6.726 3503
6.907 3503
7.155 3498
7.337 3494
7.575 3494
7.702 3494
7.862 3494
8.023 3490
8.186 3490
8.344 3490
8.48 3489
8.618 3489
8.763 3486
8.959 3485
9.034 3485
9.227 3485
9.384 3485
9.568 3483
9.722 3483
9.892 3483
10.068 3483
