0.101000 3693
0.202000 3664
0.275000 3641
0.354000 3629
0.444000 3609
0.520000 3609
0.569000 3601
0.675000 3593
0.743000 3588
0.818000 3566
0.874000 3559
0.979000 3559
1.045000 3552
1.166000 3547
1.222000 3544
1.298000 3534
1.358000 3532
1.440000 3532
1.486000 3529
1.573000 3528
1.638000 3528
1.680000 3528
1.725000 3526
1.783000 3526
1.864000 3523
1.934000 3523
1.990000 3523
2.062000 3520
2.158000 3511
2.232000 3511
2.301000 3511
2.387000 3510
2.458000 3510
2.522000 3505
2.574000 3498
2.638000 3498
2.751000 3493
2.842000 3493
2.905000 3492
2.968000 3492
3.061000 3492
3.127000 3492
3.182000 3491
3.274000 3487
3.328000 3487
3.404000 3487
3.490000 3487
3.563000 3487
3.623000 3487
3.700000 3487
3.750000 3487
3.833000 3487
3.882000 3487
3.946000 3487
4.013000 3484
4.102000 3481
4.174000 3481
4.260000 3466
4.336000 3466
4.424000 3466
4.491000 3466
4.549000 3466
4.608000 3466
4.669000 3466
4.741000 3466
4.813000 3466
4.860000 3466
4.947000 3466
5.008000 3466
5.073000 3466
5.112000 3466
5.162000 3466
5.253000 3466
5.318000 3466
5.403000 3466
5.458000 3466
5.550000 3466
5.599000 3466
5.662000 3466
5.739000 3466
5.822000 3466
5.890000 3464
5.958000 3463
6.051000 3463
6.097000 3463
6.190000 3463
6.248000 3463
6.350000 3463
6.406000 3463
6.482000 3462
6.526000 3462
6.574000 3462
6.629000 3459
6.689000 3459
6.782000 3459
6.863000 3459
6.919000 3458
6.969000 3458
7.015000 3458
7.067000 3458
7.162000 3458
7.209000 3456
7.298000 3456
7.359000 3456
7.423000 3455
7.486000 3455
7.558000 3455
7.635000 3455
7.705000 3453
7.768000 3453
7.825000 3453
7.893000 3453
7.974000 3453
8.031000 3453
8.100000 3451
8.183000 3451
8.244000 3448
8.342000 3448
8.413000 3448
8.486000 3448
8.563000 3448
8.622000 3448
8.692000 3448
8.747000 3448
8.805000 3448
8.859000 3448
8.961000 3447
9.038000 3447
9.144000 3447
9.183000 3447
9.252000 3447
9.308000 3447
9.366000 3444
9.440000 3443
9.510000 3443
9.594000 3443
9.634000 3443
9.718000 3442
9.795000 3442
9.839000 3442
9.910000 3442
9.971000 3442
10.049000 3442
