0 3820
0.13 3697
0.317 3664
0.559 3637
0.733 3637
0.892 3618
1.072 3603
1.23 3603
1.475 3598
1.682 3584
1.875 3578
2.034 3564
2.241 3564
2.283 3563
2.465 3549
2.718 3549
2.962 3549
3.158 3543
3.296 3543
3.542 3540
3.742 3536
3.881 3530
3.944 3530
4.192 3523
4.394 3523
4.552 3523
4.708 3518
4.947 3518
5.106 3518
5.25 3516
5.454 3516
5.721 3513
5.859 3510
5.981 3510
6.173 3507
6.394 3505
6.647 3500
6.808 3500
7.026 3497
7.248 3497
7.516 3497
7.634 3496
7.794 3496
7.912 3496
8.083 3495
8.224 3492
8.417 3490
8.561 3490
8.707 3487
8.958 3482
9.137 3482
9.33 3482
9.46 3482
9.655 3480
9.806 3480
10.019 3480
