0.112000 3689
0.195000 3653
0.270000 3624
0.353000 3624
0.413000 3617
0.532000 3595
0.591000 3581
0.688000 3567
0.765000 3559
0.823000 3559
0.869000 3559
0.933000 3559
0.993000 3559
1.077000 3551
1.181000 3549
1.258000 3542
1.331000 3535
1.424000 3529
1.491000 3529
1.614000 3524
1.680000 3524
1.721000 3522
1.786000 3519
1.832000 3519
1.944000 3512
1.994000 3512
2.070000 3510
2.132000 3509
2.194000 3506
2.240000 3504
2.328000 3502
2.416000 3502
2.456000 3501
2.497000 3498
2.618000 3496
2.773000 3494
2.839000 3494
2.917000 3490
3.008000 3490
3.069000 3490
3.172000 3486
3.254000 3486
3.321000 3484
3.389000 3482
3.430000 3482
3.488000 3482
3.541000 3482
3.648000 3479
3.710000 3477
3.757000 3477
3.821000 3477
3.922000 3477
4.024000 3476
4.105000 3476
4.160000 3474
4.241000 3474
4.359000 3471
4.440000 3471
4.518000 3470
4.594000 3470
4.663000 3468
4.722000 3465
4.810000 3465
4.853000 3465
4.923000 3465
4.970000 3465
5.047000 3462
5.143000 3460
5.238000 3460
5.306000 3460
5.346000 3460
5.422000 3460
5.495000 3460
5.570000 3459
5.611000 3459
5.681000 3459
5.745000 3457
5.788000 3457
5.878000 3457
5.896000 3457
5.982000 3455
6.080000 3455
6.161000 3454
6.225000 3452
6.330000 3452
6.397000 3452
6.447000 3452
6.498000 3452
6.579000 3452
6.652000 3452
6.714000 3452
6.781000 3451
6.834000 3451
6.919000 3451
7.033000 3451
7.094000 3450
7.140000 3450
7.208000 3448
7.267000 3445
7.322000 3445
7.358000 3445
7.413000 3445
7.459000 3445
7.534000 3445
7.605000 3445
7.656000 3445
7.677000 3445
7.737000 3445
7.766000 3445
7.833000 3445
7.882000 3445
7.968000 3443
8.071000 3443
8.131000 3443
8.215000 3443
8.267000 3443
8.323000 3443
8.348000 3443
8.426000 3442
8.476000 3440
8.534000 3440
8.605000 3440
8.675000 3440
8.732000 3439
8.796000 3439
8.865000 3439
8.948000 3439
9.017000 3439
9.110000 3439
9.179000 3436
9.243000 3436
9.319000 3436
9.377000 3436
9.443000 3436
9.538000 3436
9.601000 3436
9.655000 3436
9.705000 3436
9.776000 3436
9.843000 3436
9.919000 3436
9.974000 3436
10.050000 3436
