0.103000 3700
0.197000 3660
0.265000 3635
0.345000 3617
0.387000 3614
0.438000 3607
0.505000 3605
0.569000 3583
0.653000 3583
0.713000 3567
0.764000 3567
0.872000 3564
0.927000 3564
0.977000 3557
1.083000 3547
1.162000 3547
1.201000 3541
1.287000 3541
1.352000 3541
1.439000 3530
1.513000 3528
1.592000 3520
1.710000 3520
1.811000 3514
1.873000 3512
1.995000 3512
2.058000 3512
2.153000 3509
2.279000 3508
2.362000 3504
2.449000 3504
2.520000 3503
2.579000 3503
2.644000 3503
2.735000 3498
2.806000 3498
2.890000 3498
2.963000 3497
3.051000 3493
3.109000 3493
3.177000 3490
3.221000 3488
3.288000 3488
3.378000 3486
3.430000 3486
3.525000 3486
3.580000 3486
3.689000 3486
3.728000 3486
3.831000 3486
3.895000 3484
3.949000 3483
4.011000 3483
4.087000 3483
4.182000 3478
4.232000 3477
4.304000 3475
4.372000 3472
4.443000 3472
4.553000 3471
4.629000 3471
4.662000 3471
4.745000 3471
4.823000 3471
4.895000 3471
4.967000 3471
5.043000 3471
5.105000 3471
5.178000 3469
5.253000 3467
5.319000 3467
5.388000 3467
5.437000 3467
5.484000 3467
5.564000 3467
5.646000 3466
5.705000 3466
5.783000 3466
5.833000 3464
5.905000 3464
5.984000 3464
6.033000 3464
6.088000 3464
6.168000 3464
6.250000 3464
6.341000 3463
6.399000 3461
6.483000 3461
6.547000 3459
6.623000 3459
6.719000 3457
6.809000 3456
6.893000 3455
6.954000 3455
7.057000 3455
7.111000 3455
7.184000 3455
7.235000 3455
7.281000 3455
7.350000 3455
7.427000 3455
7.512000 3454
7.581000 3454
7.638000 3453
7.708000 3453
7.772000 3452
7.850000 3451
7.929000 3451
7.964000 3451
8.034000 3451
8.113000 3451
8.178000 3451
8.264000 3451
8.312000 3450
8.383000 3450
8.458000 3450
8.518000 3450
8.597000 3449
8.665000 3449
8.727000 3449
8.790000 3449
8.859000 3449
8.893000 3449
8.989000 3449
9.012000 3449
9.053000 3449
9.142000 3449
9.225000 3449
9.274000 3448
9.348000 3448
9.385000 3448
9.476000 3448
9.534000 3448
9.612000 3448
9.674000 3448
9.727000 3447
9.784000 3447
9.838000 3447
9.893000 3447
9.963000 3446
10.061000 3446
