0.082000 3693
0.173000 3660
0.223000 3649
0.304000 3627
0.385000 3608
0.454000 3592
0.506000 3587
0.606000 3585
0.683000 3585
0.756000 3572
0.831000 3565
0.886000 3555
0.953000 3552
1.007000 3552
1.074000 3552
1.178000 3542
1.249000 3542
1.336000 3542
1.418000 3527
1.474000 3527
1.549000 3527
1.651000 3520
1.710000 3520
1.799000 3520
1.862000 3520
1.954000 3520
2.042000 3514
2.095000 3513
2.146000 3510
2.216000 3510
2.267000 3507
2.314000 3504
2.399000 3503
2.483000 3498
2.553000 3498
2.614000 3497
2.695000 3492
2.793000 3491
2.884000 3487
2.973000 3487
2.994000 3487
3.045000 3487
3.122000 3482
3.179000 3482
3.250000 3480
3.350000 3480
3.422000 3480
3.508000 3479
3.563000 3479
3.638000 3478
3.712000 3475
3.794000 3475
3.892000 3475
3.951000 3473
4.014000 3472
4.092000 3472
4.179000 3472
4.242000 3470
4.311000 3470
4.376000 3468
4.479000 3468
4.564000 3467
4.615000 3467
4.702000 3467
4.771000 3467
4.879000 3466
4.981000 3465
5.050000 3465
5.106000 3462
5.151000 3460
5.258000 3460
5.329000 3460
5.407000 3460
5.494000 3459
5.554000 3459
5.612000 3459
5.672000 3459
5.740000 3459
5.798000 3458
5.861000 3458
5.945000 3457
6.002000 3457
6.083000 3453
6.163000 3453
6.256000 3453
6.348000 3452
6.447000 3452
6.520000 3449
6.581000 3449
6.642000 3449
6.715000 3449
6.795000 3448
6.847000 3448
6.975000 3448
7.002000 3448
7.091000 3447
7.160000 3447
7.229000 3447
7.315000 3447
7.367000 3447
7.436000 3447
7.509000 3447
7.579000 3447
7.701000 3446
7.763000 3446
7.857000 3446
7.951000 3445
8.028000 3445
8.115000 3444
8.204000 3444
8.265000 3444
8.317000 3443
8.408000 3443
8.482000 3443
8.545000 3442
8.615000 3442
8.679000 3442
8.742000 3442
8.803000 3442
8.877000 3441
8.952000 3441
9.036000 3441
9.115000 3441
9.168000 3441
9.240000 3441
9.337000 3441
9.412000 3438
9.478000 3438
9.579000 3438
9.631000 3438
9.718000 3438
9.782000 3437
9.879000 3437
9.937000 3437
10.011000 3437
