0.125000 3695
0.197000 3647
0.288000 3640
0.376000 3616
0.457000 3591
0.538000 3587
0.596000 3575
0.695000 3572
0.770000 3565
0.846000 3565
0.935000 3557
0.996000 3557
1.081000 3557
1.174000 3547
1.297000 3545
1.420000 3534
1.486000 3526
1.594000 3526
1.673000 3526
1.710000 3526
1.777000 3525
1.874000 3519
1.899000 3519
1.988000 3515
2.063000 3514
2.124000 3514
2.197000 3508
2.277000 3508
2.351000 3504
2.429000 3504
2.473000 3504
2.530000 3502
2.624000 3498
2.694000 3498
2.757000 3498
2.831000 3495
2.890000 3495
2.980000 3495
3.045000 3493
3.140000 3492
3.197000 3490
3.278000 3488
3.338000 3486
3.424000 3486
3.495000 3486
3.591000 3481
3.671000 3481
3.730000 3480
3.813000 3479
3.883000 3479
3.977000 3479
4.011000 3479
4.080000 3479
4.163000 3475
4.257000 3473
4.340000 3470
4.417000 3469
4.466000 3469
4.533000 3469
4.614000 3468
4.696000 3467
4.735000 3467
4.792000 3465
4.859000 3465
4.953000 3465
5.047000 3465
5.120000 3465
5.209000 3465
5.258000 3465
5.327000 3465
5.390000 3465
5.449000 3465
5.511000 3465
5.592000 3465
5.676000 3465
5.741000 3464
5.801000 3464
5.899000 3462
5.947000 3462
6.001000 3462
6.060000 3462
6.127000 3462
6.201000 3462
6.270000 3460
6.320000 3460
6.371000 3455
6.409000 3455
6.451000 3454
6.539000 3454
6.601000 3454
6.661000 3454
6.741000 3454
6.820000 3454
6.893000 3454
6.997000 3454
7.081000 3454
7.167000 3453
7.248000 3453
7.337000 3451
7.413000 3451
7.474000 3451
7.545000 3451
7.595000 3451
7.675000 3451
7.740000 3451
7.846000 3451
7.927000 3450
8.012000 3450
8.079000 3450
8.153000 3450
8.230000 3450
8.269000 3450
8.330000 3450
8.391000 3450
8.444000 3450
8.507000 3450
8.581000 3450
8.659000 3449
8.728000 3448
8.819000 3448
8.895000 3448
8.972000 3448
9.048000 3448
9.144000 3448
9.208000 3448
9.264000 3447
9.325000 3447
9.397000 3447
9.453000 3447
9.543000 3445
9.602000 3445
9.689000 3445
9.770000 3445
9.823000 3444
9.888000 3444
9.963000 3444
10.026000 3444
