0 3698
0.369 3695
0.53 3660
0.743 3636
0.888 3620
1.061 3598
1.265 3598
1.404 3596
1.597 3587
1.813 3575
1.907 3570
2.057 3561
2.263 3556
2.518 3549
2.72 3549
2.861 3546
3.105 3538
3.343 3535
3.473 3529
3.668 3529
3.896 3521
4.05 3521
4.272 3512
4.406 3512
4.545 3509
4.785 3509
4.995 3508
5.102 3508
5.345 3507
5.591 3498
5.695 3498
5.844 3498
5.956 3498
6.044 3498
6.185 3498
6.31 3493
6.534 3493
6.707 3493
6.899 3491
7.08 3489
7.259 3487
7.472 3484
7.636 3482
7.836 3481
7.991 3479
8.187 3479
8.344 3479
8.452 3479
8.596 3479
8.806 3475
8.97 3475
9.089 3475
9.273 3475
9.386 3474
9.627 3472
9.763 3472
9.942 3471
10.11 3466
