0 3807
0.088 3695
0.298 3662
0.441 3636
0.583 3614
0.684 3602
0.773 3600
0.899 3577
1.058 3577
1.169 3564
1.28 3564
1.474 3560
1.613 3560
1.711 3550
1.777 3543
1.966 3537
2.047 3528
2.182 3521
2.301 3521
2.449 3512
2.626 3512
2.745 3512
2.871 3509
2.976 3509
3.076 3509
3.207 3509
3.401 3506
3.515 3505
3.675 3497
3.798 3497
3.88 3497
4.044 3497
4.186 3497
4.326 3489
4.437 3489
4.512 3489
4.673 3489
4.791 3489
4.904 3485
4.97 3485
5.098 3485
5.2 3483
5.311 3483
5.403 3483
5.578 3483
5.694 3483
5.809 3483
5.967 3483
6.097 3482
6.21 3481
6.413 3478
6.496 3478
6.616 3478
6.728 3477
6.905 3475
7.013 3462
7.173 3462
7.273 3462
7.342 3461
7.495 3461
7.642 3461
7.725 3461
7.809 3461
7.939 3461
8.091 3461
8.233 3460
8.325 3460
8.451 3459
8.569 3459
8.711 3459
8.843 3457
8.969 3455
9.105 3455
9.231 3455
9.365 3455
9.477 3455
9.581 3452
9.682 3452
9.775 3452
9.914 3452
10.055 3452
