0.143000 3704
0.347000 3660
0.514000 3656
0.691000 3631
0.843000 3618
0.982000 3606
1.097000 3604
1.315000 3582
1.505000 3560
1.662000 3560
1.775000 3551
1.946000 3551
2.082000 3545
2.271000 3542
2.431000 3542
2.627000 3542
2.698000 3542
2.903000 3531
3.032000 3531
3.175000 3531
3.297000 3531
3.475000 3528
3.761000 3523
3.982000 3521
4.210000 3515
4.406000 3512
4.606000 3509
4.865000 3509
5.074000 3508
5.192000 3503
5.356000 3500
5.572000 3499
5.801000 3499
6.004000 3497
6.116000 3497
6.347000 3497
6.537000 3496
6.701000 3493
6.889000 3491
7.001000 3491
7.236000 3489
7.476000 3489
7.547000 3489
7.735000 3486
7.942000 3486
8.003000 3486
8.184000 3484
8.282000 3484
8.418000 3484
8.544000 3484
8.703000 3482
8.900000 3478
9.028000 3478
9.161000 3478
9.359000 3476
9.549000 3476
9.684000 3476
9.870000 3470
10.038000 3470
