0 3800
0.149 3699
0.416 3663
0.586 3609
0.702 3609
0.892 3609
0.966 3609
1.105 3609
1.303 3594
1.516 3580
1.687 3580
1.822 3580
2.029 3567
2.223 3567
2.352 3567
2.499 3564
2.617 3564
2.83 3564
3.015 3561
3.246 3555
3.397 3550
3.645 3542
3.751 3542
3.9 3542
4.139 3538
4.337 3538
4.479 3536
4.564 3536
4.815 3533
5.007 3529
5.165 3529
5.437 3522
5.599 3522
5.764 3519
6.009 3515
6.307 3515
6.415 3513
6.659 3510
6.897 3503
7.182 3503
7.354 3503
7.522 3499
7.74 3497
7.856 3497
8.023 3497
8.18 3497
8.378 3497
8.601 3493
8.74 3493
8.876 3491
9.081 3491
9.21 3489
9.315 3489
9.465 3489
9.562 3489
9.704 3489
9.851 3487
10.09 3487
