0 7562
0.196 7380
0.374 7314
0.505 7281
0.691 7237
0.831 7218
0.99 7194
1.095 7161
1.25 7161
1.374 7161
1.5 7135
1.688 7122
1.802 7122
1.962 7113
2.07 7113
2.151 7113
2.274 7113
2.469 7105
2.587 7104
2.834 7091
2.858 7091
3.022 7083
3.188 7073
3.377 7063
3.548 7063
3.691 7063
3.815 7046
3.982 7046
4.129 7043
4.259 7043
4.413 7043
4.552 7029
4.716 7029
4.842 7023
4.987 7017
5.203 7008
5.342 7008
5.449 7008
5.581 6996
5.804 6994
5.988 6991
6.093 6991
6.251 6988
6.409 6988
6.548 6984
6.667 6977
6.687 6977
6.788 6970
7.002 6968
7.187 6965
7.485 6960
7.712 6959
7.826 6959
7.922 6959
8.073 6956
8.297 6951
8.474 6951
8.63 6950
8.831 6947
8.916 6946
9.077 6944
9.203 6927
9.343 6925
9.444 6923
9.545 6923
9.726 6923
9.88 6923
9.998 6923
