0 7603
0.192 7399
0.288 7327
0.425 7288
0.525 7251
0.621 7240
0.691 7228
0.77 7193
0.834 7177
0.928 7171
0.999 7164
1.086 7164
1.192 7143
1.281 7138
1.297 7138
1.399 7117
1.521 7100
1.649 7087
1.721 7085
1.841 7083
1.923 7076
2.013 7072
2.089 7072
2.227 7071
2.342 7064
2.45 7053
2.594 7050
2.688 7048
2.797 7042
2.928 7032
3.02 7027
3.131 7018
3.165 7018
3.332 7011
3.438 7010
3.486 7010
3.583 7010
3.798 7007
3.899 7007
3.97 6998
4.06 6998
4.192 6995
4.232 6995
4.339 6989
4.387 6989
4.473 6984
4.556 6984
4.576 6984
4.668 6984
4.757 6981
4.862 6981
4.969 6975
5.022 6975
5.139 6966
5.211 6966
5.28 6966
5.372 6966
5.464 6963
5.577 6958
5.663 6958
5.786 6958
5.932 6953
6.029 6950
6.175 6950
6.277 6945
6.381 6945
6.45 6943
6.57 6941
6.62 6941
6.739 6925
6.797 6925
6.873 6925
6.954 6925
7.082 6924
7.129 6922
7.214 6921
7.319 6921
7.395 6921
7.508 6919
7.583 6919
7.711 6919
7.756 6919
7.857 6919
7.967 6917
8.043 6917
8.124 6915
8.248 6913
8.326 6911
8.454 6911
8.547 6911
8.643 6911
8.74 6910
8.831 6905
8.953 6904
9.002 6904
9.13 6903
9.218 6903
9.288 6900
9.432 6900
9.496 6900
9.568 6900
9.671 6897
9.699 6897
9.768 6896
9.838 6894
9.97 6889
10.069 6889
