0 7562
0.203 7393
0.281 7343
0.337 7338
0.44 7279
0.495 7279
0.602 7279
0.665 7242
0.79 7204
0.868 7188
0.972 7161
1.068 7144
1.085 7144
1.16 7141
1.249 7114
1.383 7102
1.442 7098
1.449 7098
1.467 7098
1.479 7098
1.586 7076
1.671 7074
1.758 7068
1.867 7065
1.985 7045
2.038 7045
2.18 7033
2.293 7022
2.347 7022
2.477 7022
2.564 7015
2.671 7011
2.781 7005
2.868 6999
2.919 6999
3.006 6999
3.084 6999
3.188 6999
3.282 6994
3.376 6987
3.444 6979
3.542 6979
3.55 6979
3.67 6979
3.766 6979
3.864 6979
3.942 6979
4.02 6974
4.115 6966
4.201 6964
4.21 6964
4.272 6964
4.364 6960
4.471 6960
4.552 6960
4.645 6960
4.782 6956
4.839 6956
4.941 6956
5.012 6956
5.084 6950
5.158 6950
5.253 6948
5.299 6948
5.35 6948
5.483 6944
5.575 6942
5.664 6942
5.762 6941
5.845 6941
5.911 6941
6.032 6939
6.126 6937
6.209 6937
6.349 6937
6.416 6937
6.552 6931
6.643 6931
6.706 6928
6.781 6920
6.841 6920
6.955 6920
6.965 6920
7.056 6918
7.174 6918
7.249 6918
7.35 6918
7.476 6918
7.579 6917
7.64 6917
7.704 6917
7.745 6917
7.777 6917
7.832 6917
7.936 6917
7.975 6917
8.084 6917
8.137 6913
8.259 6913
8.351 6913
8.456 6913
8.465 6913
8.559 6913
8.632 6913
8.738 6910
8.869 6910
8.951 6909
9.045 6909
9.099 6909
9.187 6907
9.253 6907
9.367 6906
9.377 6906
9.465 6906
9.55 6906
9.634 6906
9.642 6906
9.712 6906
9.8 6906
9.928 6906
9.996 6902
