0 7600
0.192 7396
0.3 7338
0.417 7288
0.512 7279
0.641 7227
0.769 7205
0.856 7178
0.979 7159
1.111 7159
1.228 7157
1.311 7153
1.42 7153
1.554 7124
1.717 7124
1.801 7118
1.907 7101
2.072 7087
2.229 7067
2.271 7067
2.38 7067
2.479 7067
2.603 7051
2.652 7051
2.779 7048
2.893 7045
3.049 7035
3.136 7035
3.223 7027
3.351 7027
3.415 7021
3.489 7021
3.575 7021
3.669 7021
3.748 7017
3.823 7014
3.926 7011
3.987 7005
4.09 7005
4.197 6999
4.297 6999
4.418 6993
4.466 6993
4.585 6989
4.705 6987
4.765 6987
4.876 6987
4.98 6982
5.109 6978
5.21 6976
5.313 6975
5.406 6975
5.51 6972
5.552 6972
5.648 6968
5.763 6968
5.861 6968
5.953 6966
6.062 6963
6.18 6958
6.287 6958
6.465 6958
6.574 6951
6.693 6951
6.793 6951
6.891 6951
6.974 6949
7.083 6947
7.149 6947
7.257 6939
7.338 6939
7.425 6939
7.533 6938
7.57 6935
7.683 6935
7.759 6935
7.84 6935
7.933 6935
8.035 6935
8.134 6935
8.198 6935
8.235 6935
8.357 6931
8.457 6931
8.526 6931
8.632 6930
8.729 6924
8.816 6924
8.897 6924
8.963 6924
9.067 6924
9.159 6922
9.248 6922
9.299 6919
9.41 6919
9.524 6919
9.663 6919
9.728 6919
9.837 6915
9.895 6915
9.987 6915
10.078 6915
