0 7603
0.141 7397
0.211 7323
0.275 7294
0.432 7269
0.528 7223
0.593 7211
0.661 7200
0.704 7200
0.779 7178
0.846 7170
0.902 7170
0.944 7149
1.041 7149
1.149 7125
1.221 7125
1.306 7124
1.413 7106
1.462 7093
1.536 7093
1.646 7093
1.751 7092
1.805 7086
1.899 7069
2.012 7069
2.09 7057
2.164 7052
2.213 7052
2.27 7040
2.33 7040
2.391 7040
2.505 7037
2.538 7037
2.68 7031
2.8 7009
2.896 6998
3 6998
3.109 6994
3.242 6994
3.27 6994
3.364 6994
3.461 6990
3.548 6990
3.651 6985
3.771 6985
3.848 6978
3.92 6978
4.04 6970
4.093 6970
4.177 6970
4.258 6964
4.378 6964
4.461 6963
4.532 6960
4.57 6960
4.67 6959
4.746 6951
4.807 6951
4.905 6951
5.022 6951
5.075 6948
5.166 6948
5.205 6948
5.292 6947
5.386 6940
5.463 6940
5.567 6939
5.625 6938
5.722 6934
5.808 6929
5.869 6929
5.941 6929
6.028 6929
6.072 6927
6.105 6927
6.199 6927
6.205 6927
6.257 6927
6.352 6922
6.417 6922
6.455 6922
6.515 6919
6.617 6915
6.688 6915
6.76 6915
6.865 6915
6.924 6915
6.977 6915
7.063 6915
7.078 6915
7.172 6915
7.271 6915
7.344 6912
7.459 6912
7.567 6912
7.611 6912
7.707 6908
7.821 6908
7.902 6908
7.967 6908
8.056 6907
8.148 6905
8.195 6905
8.289 6903
8.396 6903
8.441 6902
8.496 6901
8.616 6901
8.746 6901
8.84 6899
8.951 6899
8.998 6899
9.081 6899
9.169 6899
9.227 6899
9.327 6899
9.423 6896
9.525 6896
9.587 6896
9.644 6896
9.68 6896
9.726 6896
9.822 6894
9.878 6893
9.949 6893
10.043 6893
