0 7636
0.265 7391
0.525 7330
0.722 7282
0.896 7247
1.07 7247
1.318 7221
1.536 7201
1.781 7180
1.973 7167
2.126 7153
2.236 7142
2.446 7128
2.691 7128
2.914 7117
3.177 7117
3.404 7112
3.66 7076
3.851 7076
4.114 7057
4.343 7050
4.543 7050
4.671 7046
4.958 7035
5.132 7031
5.304 7031
5.61 7029
5.776 7021
5.999 7021
6.186 7021
6.361 7017
6.71 7010
6.891 7006
7.154 6991
7.274 6991
7.466 6991
7.55 6991
7.841 6990
8.045 6980
8.431 6980
8.686 6980
8.9 6975
9.11 6975
9.343 6975
9.522 6975
9.826 6968
10.001 6968
