0 7636
0.192 7402
0.404 7333
0.461 7333
0.635 7283
0.812 7254
0.938 7236
1.156 7203
1.317 7178
1.545 7150
1.704 7150
1.791 7131
2.063 7114
2.235 7102
2.406 7093
2.511 7078
2.699 7069
2.934 7067
3.095 7067
3.205 7050
3.405 7050
3.539 7050
3.63 7037
3.827 7037
3.985 7035
4.165 7018
4.354 7017
4.508 7012
4.584 7012
4.749 7010
4.88 7003
5.04 7003
5.227 6997
5.303 6997
5.349 6997
5.469 6997
5.611 6997
5.739 6997
5.954 6994
6.075 6988
6.288 6981
6.458 6977
6.617 6977
6.779 6974
6.879 6971
7.038 6971
7.191 6971
7.271 6971
7.373 6967
7.547 6964
7.701 6961
7.838 6959
8.019 6955
8.221 6948
8.346 6948
8.583 6943
8.77 6928
8.946 6928
9.08 6928
9.253 6928
9.329 6928
9.503 6925
9.677 6925
9.827 6925
9.946 6925
10.084 6924
