0 7403
0.536 7400
0.771 7339
0.985 7339
1.22 7292
1.466 7259
1.741 7258
1.936 7249
2.211 7194
2.508 7164
2.733 7144
3.005 7142
3.174 7118
3.356 7109
3.618 7091
3.901 7077
4.159 7071
4.378 7066
4.639 7057
4.85 7048
5.111 7035
5.265 7029
5.554 7029
5.814 7024
5.992 7024
6.188 7024
6.36 7024
6.68 7024
6.897 7017
6.989 7017
7.131 7015
7.415 7002
7.557 6997
7.579 6997
7.771 6995
7.938 6992
8.017 6992
8.204 6987
8.402 6971
8.626 6971
8.891 6967
9.078 6963
9.285 6959
9.491 6951
9.646 6951
9.846 6951
10.073 6951
