0 7575
0.145 7389
0.205 7336
0.21 7336
0.267 7284
0.322 7283
0.452 7236
0.506 7235
0.593 7200
0.689 7174
0.787 7146
0.833 7146
0.899 7146
0.956 7146
1.053 7129
1.115 7113
1.216 7104
1.225 7104
1.287 7098
1.379 7083
1.484 7065
1.496 7065
1.626 7058
1.631 7058
1.703 7055
1.789 7050
1.877 7036
1.965 7032
2.015 7024
2.117 7024
2.17 7024
2.292 7018
2.384 7013
2.423 7003
2.503 7003
2.611 6997
2.705 6997
2.762 6995
2.831 6990
2.94 6990
3.013 6990
3.123 6982
3.193 6982
3.289 6975
3.399 6971
3.493 6967
3.56 6967
3.629 6966
3.699 6966
3.811 6962
3.888 6959
3.984 6956
4.079 6951
4.168 6948
4.274 6947
4.371 6942
4.436 6942
4.489 6940
4.567 6939
4.659 6937
4.813 6937
4.884 6935
4.951 6935
5.071 6935
5.096 6935
5.147 6935
5.244 6929
5.315 6929
5.375 6927
5.492 6925
5.576 6925
5.65 6925
5.741 6925
5.853 6925
5.865 6925
5.985 6923
6.05 6923
6.069 6923
6.128 6920
6.182 6920
6.253 6920
6.262 6920
6.355 6918
6.41 6918
6.505 6917
6.611 6917
6.66 6914
6.729 6914
6.829 6911
6.916 6906
7.042 6906
7.123 6906
7.222 6906
7.331 6905
7.416 6905
7.508 6905
7.613 6902
7.712 6902
7.769 6902
7.85 6901
7.955 6899
8.052 6899
8.12 6899
8.188 6899
8.302 6899
8.396 6897
8.481 6897
8.587 6897
8.689 6897
8.78 6897
8.789 6897
8.862 6897
8.934 6895
9.002 6894
9.102 6894
9.203 6892
9.275 6892
9.337 6891
9.414 6890
9.465 6890
9.552 6890
9.618 6890
9.701 6890
9.804 6890
9.896 6890
9.955 6889
10.066 6889
