0 7562
0.307 7391
0.607 7312
0.865 7277
0.986 7277
1.18 7241
1.386 7241
1.533 7230
1.648 7217
1.829 7193
2.101 7169
2.251 7169
2.553 7169
2.723 7161
2.891 7147
3.187 7136
3.359 7108
3.574 7108
3.783 7102
3.912 7091
4.127 7079
4.433 7072
4.573 7042
4.896 7032
5.158 7032
5.351 7032
5.569 7028
5.809 7028
6.036 7026
6.176 7018
6.372 7009
6.576 7003
6.85 7003
7.096 7003
7.429 7003
7.66 7003
7.925 6985
8.008 6985
8.178 6985
8.45 6985
8.662 6981
8.847 6981
9.045 6978
9.216 6975
9.409 6972
9.571 6969
9.897 6969
10.251 6964
