0 7562
0.176 7396
0.2 7396
0.276 7325
0.39 7321
0.47 7253
0.572 7234
0.666 7208
0.775 7185
0.851 7185
0.915 7156
1.027 7136
1.11 7134
1.278 7120
1.357 7117
1.441 7101
1.533 7091
1.642 7091
1.701 7091
1.759 7073
1.894 7070
2.002 7070
2.075 7068
2.142 7035
2.242 7032
2.334 7028
2.436 7021
2.543 7015
2.611 7006
2.708 7006
2.802 7006
2.84 7006
2.959 7006
3.092 7006
3.175 7006
3.283 7002
3.362 6994
3.441 6988
3.555 6988
3.672 6988
3.75 6988
3.842 6984
3.879 6984
3.956 6984
4.029 6979
4.084 6979
4.116 6979
4.222 6973
4.292 6973
4.374 6973
4.442 6969
4.565 6957
4.653 6957
4.75 6957
4.842 6953
4.9 6953
4.979 6951
5.08 6951
5.169 6949
5.229 6949
5.297 6936
5.365 6933
5.426 6932
5.467 6932
5.557 6932
5.68 6928
5.796 6925
5.884 6925
5.962 6925
6.038 6925
6.136 6925
6.189 6925
6.199 6925
6.248 6925
6.367 6921
6.479 6921
6.585 6921
6.717 6921
6.828 6919
6.909 6919
6.969 6918
7.027 6917
7.104 6917
7.201 6917
7.291 6915
7.383 6915
7.467 6914
7.511 6914
7.603 6911
7.676 6911
7.799 6907
7.893 6906
7.966 6904
8.064 6901
8.137 6898
8.209 6893
8.272 6893
8.379 6893
8.442 6892
8.534 6892
8.649 6889
8.722 6889
8.791 6888
8.868 6887
8.996 6887
9.073 6887
9.184 6885
9.263 6885
9.364 6883
9.431 6883
9.558 6882
9.634 6882
9.73 6879
9.821 6877
9.899 6877
9.975 6876
10.037 6876
