0 7636
0.183 7385
0.296 7327
0.358 7298
0.435 7298
0.559 7261
0.668 7229
0.737 7195
0.837 7177
0.876 7177
0.981 7165
1.082 7151
1.155 7143
1.241 7121
1.3 7121
1.421 7102
1.528 7096
1.639 7092
1.727 7087
1.81 7081
1.895 7067
1.998 7054
2.078 7054
2.2 7044
2.277 7044
2.379 7042
2.459 7035
2.552 7029
2.636 7022
2.73 7022
2.821 7017
2.887 7016
2.981 7015
3.029 7013
3.095 7013
3.172 7013
3.297 7007
3.415 7003
3.513 6998
3.638 6996
3.715 6987
3.792 6987
3.937 6980
4.068 6978
4.116 6978
4.213 6972
4.339 6968
4.442 6968
4.545 6965
4.652 6961
4.734 6961
4.855 6961
4.932 6961
4.997 6961
5.08 6958
5.2 6957
5.335 6957
5.445 6957
5.532 6950
5.631 6950
5.788 6942
5.884 6942
5.957 6942
6.082 6938
6.208 6938
6.213 6938
6.293 6938
6.363 6932
6.448 6932
6.585 6918
6.662 6918
6.748 6918
6.86 6917
6.99 6917
7.07 6917
7.175 6915
7.244 6912
7.386 6912
7.502 6912
7.65 6912
7.736 6910
7.838 6909
7.94 6909
8.053 6909
8.16 6909
8.256 6907
8.381 6907
8.452 6907
8.543 6907
8.666 6905
8.79 6905
8.889 6903
9.005 6903
9.085 6903
9.166 6902
9.272 6901
9.374 6901
9.439 6901
9.523 6901
9.575 6901
9.673 6898
9.782 6898
9.869 6898
9.939 6897
10.004 6897
