0 7600
0.256 7392
0.35 7338
0.411 7328
0.429 7328
0.497 7269
0.547 7269
0.614 7237
0.681 7196
0.787 7196
0.887 7196
0.972 7186
1.1 7178
1.217 7167
1.309 7150
1.363 7149
1.518 7130
1.601 7127
1.699 7116
1.724 7116
1.837 7086
1.904 7086
1.983 7078
2.055 7065
2.132 7065
2.154 7065
2.225 7056
2.337 7051
2.45 7042
2.538 7042
2.656 7031
2.765 7031
2.864 7020
2.923 7020
3.002 7019
3.063 7010
3.192 6999
3.314 6999
3.384 6999
3.473 6999
3.599 6999
3.711 6996
3.788 6992
3.886 6989
4.033 6989
4.081 6989
4.21 6986
4.294 6984
4.365 6984
4.374 6984
4.474 6972
4.567 6969
4.631 6969
4.752 6969
4.827 6969
4.91 6960
5.007 6960
5.115 6959
5.126 6959
5.201 6959
5.308 6958
5.404 6954
5.474 6953
5.531 6953
5.598 6951
5.678 6948
5.737 6948
5.752 6948
5.825 6948
5.936 6934
6.048 6932
6.113 6932
6.218 6932
6.274 6932
6.325 6932
6.417 6932
6.509 6932
6.599 6932
6.668 6923
6.753 6923
6.821 6923
6.878 6923
6.952 6923
7.079 6923
7.143 6921
7.218 6921
7.227 6921
7.252 6921
7.349 6921
7.431 6919
7.438 6919
7.546 6914
7.552 6914
7.679 6914
7.755 6914
7.823 6914
7.926 6912
7.992 6912
8.003 6912
8.112 6912
8.197 6897
8.264 6897
8.341 6897
8.414 6894
8.462 6894
8.534 6894
8.637 6894
8.695 6894
8.776 6894
8.874 6894
8.935 6894
9.013 6894
9.072 6891
9.139 6891
9.237 6891
9.248 6891
9.32 6891
9.407 6891
9.504 6889
9.577 6889
9.681 6889
9.777 6887
9.874 6887
9.976 6887
10.081 6886
