0 7636
0.174 7396
0.279 7319
0.356 7285
0.424 7243
0.537 7209
0.625 7209
0.726 7174
0.835 7140
0.926 7140
1.06 7140
1.124 7140
1.206 7135
1.293 7122
1.388 7104
1.393 7104
1.471 7089
1.53 7089
1.595 7089
1.674 7080
1.774 7070
1.833 7070
1.917 7057
1.989 7053
2.084 7050
2.167 7041
2.222 7041
2.294 7041
2.353 7037
2.401 7032
2.449 7032
2.524 7032
2.617 7023
2.669 7015
2.749 7015
2.809 7015
2.912 7012
2.972 7010
3.079 7010
3.155 7004
3.239 7004
3.322 7004
3.4 6995
3.484 6995
3.563 6985
3.654 6985
3.727 6985
3.803 6978
3.938 6978
4.046 6973
4.114 6973
4.219 6972
4.304 6968
4.356 6968
4.426 6966
4.485 6966
4.565 6956
4.677 6956
4.781 6953
4.924 6950
5.016 6950
5.128 6947
5.179 6947
5.244 6947
5.337 6943
5.415 6941
5.478 6941
5.549 6940
5.642 6940
5.751 6940
5.838 6937
5.905 6931
5.99 6931
6.049 6931
6.122 6927
6.189 6927
6.263 6927
6.326 6926
6.399 6924
6.498 6922
6.606 6922
6.662 6922
6.77 6917
6.822 6917
6.933 6917
6.94 6917
7.044 6917
7.113 6915
7.164 6915
7.273 6914
7.324 6914
7.414 6910
7.519 6910
7.592 6910
7.676 6908
7.736 6906
7.775 6906
7.839 6906
7.942 6902
8.068 6901
8.155 6901
8.204 6899
8.276 6899
8.287 6899
8.333 6899
8.398 6899
8.475 6896
8.535 6896
8.626 6896
8.697 6895
8.779 6895
8.857 6895
8.928 6895
8.999 6895
9.065 6895
9.151 6895
9.222 6894
9.305 6894
9.37 6893
9.461 6893
9.543 6891
9.654 6889
9.726 6889
9.762 6889
9.825 6889
9.901 6889
9.998 6886
