0 7562
0.195 7381
0.306 7326
0.424 7294
0.551 7258
0.593 7221
0.694 7199
0.782 7177
0.825 7177
0.975 7171
1.089 7159
1.179 7135
1.307 7135
1.4 7116
1.494 7116
1.559 7116
1.619 7116
1.684 7112
1.768 7107
1.868 7078
1.94 7078
2.025 7078
2.105 7069
2.203 7055
2.261 7055
2.333 7055
2.437 7055
2.538 7054
2.603 7054
2.703 7038
2.784 7029
2.877 7029
2.943 7027
3.052 7024
3.183 7016
3.307 7008
3.391 7008
3.502 7001
3.587 6999
3.637 6993
3.726 6989
3.847 6989
3.917 6985
3.988 6985
4.052 6984
4.161 6980
4.254 6980
4.429 6980
4.522 6976
4.61 6973
4.701 6966
4.808 6964
4.88 6961
5.069 6961
5.214 6958
5.322 6958
5.392 6958
5.472 6956
5.544 6956
5.618 6956
5.732 6955
5.778 6955
5.875 6951
5.924 6949
6.016 6946
6.131 6937
6.215 6937
6.361 6924
6.479 6924
6.554 6923
6.679 6923
6.721 6923
6.836 6923
6.905 6923
7.045 6923
7.149 6923
7.246 6922
7.284 6922
7.345 6922
7.469 6919
7.574 6919
7.666 6916
7.738 6915
7.835 6910
7.932 6910
8.078 6910
8.155 6906
8.268 6906
8.371 6906
8.468 6906
8.565 6906
8.666 6897
8.701 6897
8.764 6897
8.919 6897
9.037 6897
9.168 6897
9.27 6894
9.368 6892
9.478 6892
9.537 6892
9.614 6892
9.684 6890
9.771 6890
9.884 6888
9.992 6888
