0 3704
0.276 3676
0.364 3676
0.441 3655
0.529 3633
0.694 3619
0.818 3593
0.934 3582
1.054 3569
1.163 3569
1.268 3555
1.414 3555
1.527 3545
1.658 3545
1.802 3540
1.926 3540
2.055 3533
2.186 3532
2.282 3527
2.386 3522
2.522 3516
2.612 3516
2.711 3511
2.798 3508
2.911 3506
3.063 3506
3.231 3505
3.337 3502
3.505 3498
3.607 3497
3.73 3496
3.806 3496
3.889 3491
4.013 3491
4.125 3489
4.276 3489
4.421 3489
4.527 3489
4.656 3489
4.737 3488
4.871 3486
5.025 3483
5.135 3483
5.192 3483
5.367 3480
5.508 3478
5.607 3478
5.668 3478
5.769 3477
5.843 3477
5.934 3470
6.065 3470
6.202 3470
6.327 3469
6.445 3469
6.572 3467
6.675 3467
6.779 3467
6.915 3467
6.986 3467
7.108 3464
7.217 3460
7.385 3460
7.476 3460
7.603 3460
7.707 3460
7.808 3460
7.879 3460
7.992 3460
8.084 3460
8.164 3460
8.289 3457
8.326 3457
8.469 3456
8.607 3456
8.677 3456
8.781 3456
8.827 3456
8.938 3456
9.019 3456
9.161 3456
9.211 3455
9.282 3455
9.311 3455
9.462 3454
9.551 3454
9.673 3454
9.803 3453
9.929 3452
9.976 3452
10.034 3452
