0 3811
0.139 3702
0.241 3661
0.313 3645
0.389 3645
0.484 3623
0.583 3620
0.695 3600
0.875 3582
0.992 3566
1.112 3566
1.222 3565
1.358 3551
1.507 3539
1.594 3531
1.718 3531
1.821 3530
1.936 3525
2.053 3525
2.147 3524
2.218 3524
2.309 3520
2.409 3516
2.493 3514
2.562 3514
2.651 3514
2.742 3513
2.888 3507
3 3506
3.142 3506
3.219 3506
3.333 3502
3.411 3502
3.541 3500
3.643 3500
3.749 3496
3.915 3496
4.068 3493
4.189 3493
4.348 3490
4.489 3488
4.627 3488
4.764 3486
4.831 3485
4.91 3483
5.036 3483
5.093 3482
5.3 3482
5.398 3480
5.528 3475
5.626 3475
5.748 3475
5.842 3475
5.95 3474
6.065 3473
6.154 3473
6.272 3469
6.407 3467
6.554 3467
6.705 3467
6.772 3467
6.873 3467
6.98 3466
7.085 3466
7.184 3466
7.32 3459
7.459 3459
7.546 3459
7.644 3459
7.765 3459
7.876 3459
7.995 3459
8.11 3454
8.24 3454
8.315 3454
8.414 3454
8.495 3451
8.593 3451
8.69 3451
8.798 3450
8.879 3450
8.975 3449
9.069 3446
9.173 3446
9.261 3446
9.337 3446
9.394 3446
9.482 3446
9.599 3446
9.694 3446
9.762 3446
9.798 3443
9.889 3443
9.991 3443
