0 3799
0.096 3706
0.159 3668
0.233 3656
0.295 3643
0.339 3641
0.4 3621
0.448 3603
0.494 3603
0.572 3587
0.622 3580
0.685 3580
0.753 3567
0.794 3567
0.887 3565
0.966 3553
1.088 3551
1.166 3549
1.27 3543
1.318 3539
1.383 3539
1.447 3532
1.48 3532
1.532 3532
1.621 3529
1.701 3523
1.78 3523
1.819 3523
1.927 3519
1.982 3516
2.045 3516
2.132 3516
2.208 3510
2.256 3510
2.307 3510
2.43 3509
2.492 3507
2.56 3507
2.659 3505
2.699 3504
2.766 3499
2.876 3499
2.98 3494
3.051 3494
3.11 3494
3.182 3491
3.258 3491
3.342 3491
3.386 3490
3.462 3490
3.536 3490
3.577 3490
3.628 3488
3.702 3487
3.771 3486
3.862 3485
3.881 3485
3.972 3482
4.032 3481
4.119 3479
4.195 3479
4.25 3476
4.319 3476
4.364 3476
4.45 3474
4.537 3474
4.585 3474
4.65 3472
4.717 3472
4.816 3472
4.878 3472
4.941 3471
5.012 3470
5.069 3470
5.157 3468
5.216 3468
5.276 3468
5.341 3468
5.442 3468
5.483 3468
5.539 3468
5.616 3468
5.683 3466
5.748 3466
5.819 3465
5.909 3462
6.009 3462
6.061 3462
6.138 3462
6.231 3462
6.282 3461
6.343 3460
6.394 3460
6.437 3460
6.496 3460
6.556 3459
6.619 3459
6.645 3459
6.676 3459
6.734 3459
6.787 3459
6.848 3459
6.916 3459
7.002 3459
7.075 3458
7.138 3458
7.19 3458
7.27 3458
7.355 3457
7.391 3456
7.433 3456
7.485 3454
7.568 3454
7.645 3453
7.711 3453
7.759 3453
7.845 3453
7.91 3453
8.002 3453
8.08 3453
8.163 3453
8.238 3453
8.28 3453
8.324 3451
8.377 3451
8.416 3451
8.488 3451
8.578 3451
8.658 3451
8.691 3451
8.764 3451
8.834 3451
8.873 3451
8.948 3450
9.002 3450
9.044 3450
9.123 3450
9.207 3450
9.313 3450
9.392 3450
9.432 3450
9.501 3448
9.577 3448
9.636 3447
9.713 3446
9.785 3446
9.837 3446
9.896 3446
9.959 3446
10.04 3446
