0 3800
0.068 3702
0.102 3678
0.138 3670
0.171 3643
0.196 3641
0.283 3630
0.333 3592
0.391 3581
0.437 3581
0.461 3581
0.507 3572
0.554 3569
0.594 3569
0.65 3561
0.691 3561
0.731 3552
0.793 3545
0.816 3543
0.866 3543
0.908 3538
0.944 3531
0.982 3531
1.039 3530
1.09 3530
1.147 3524
1.172 3524
1.205 3522
1.25 3513
1.27 3513
1.312 3513
1.366 3513
1.414 3510
1.452 3510
1.481 3510
1.514 3510
1.542 3510
1.617 3507
1.661 3507
1.699 3507
1.729 3507
1.786 3502
1.826 3495
1.865 3495
1.902 3495
1.963 3493
1.991 3493
2.019 3493
2.062 3493
2.111 3491
2.139 3491
2.175 3488
2.229 3488
2.256 3488
2.283 3488
2.318 3488
2.349 3485
2.369 3485
2.406 3485
2.446 3485
2.504 3485
2.549 3485
2.59 3483
2.613 3483
2.635 3481
2.669 3481
2.716 3481
2.744 3481
2.781 3480
2.814 3480
2.843 3480
2.883 3480
2.9 3480
2.934 3479
2.953 3479
3.002 3479
3.026 3479
3.057 3479
3.061 3479
3.086 3479
3.131 3477
3.168 3475
3.206 3474
3.231 3474
3.265 3473
3.325 3473
3.367 3472
3.401 3472
3.438 3472
3.481 3471
3.527 3471
3.561 3470
3.605 3468
3.663 3465
3.681 3465
3.709 3465
3.73 3465
3.771 3465
3.794 3464
3.832 3464
3.871 3464
3.893 3464
3.928 3463
3.957 3463
3.984 3463
4.022 3463
4.044 3463
4.107 3461
4.135 3461
4.156 3461
4.16 3461
4.198 3460
4.218 3459
4.249 3457
4.276 3456
4.313 3456
4.347 3456
4.385 3456
4.429 3456
4.461 3456
4.494 3456
4.527 3456
4.562 3456
4.577 3456
4.61 3455
4.652 3455
4.678 3455
4.713 3455
4.756 3455
4.794 3455
4.833 3455
4.861 3455
4.886 3455
4.907 3455
4.938 3455
4.988 3453
5.005 3453
5.042 3453
5.082 3453
5.121 3453
5.163 3453
5.185 3453
5.217 3453
5.25 3453
5.285 3453
5.318 3453
5.371 3452
5.408 3451
5.428 3451
5.455 3451
5.507 3451
5.55 3450
5.585 3450
5.634 3450
5.663 3450
5.687 3449
5.73 3449
5.762 3449
5.796 3449
5.842 3449
5.876 3449
5.916 3449
5.955 3448
5.985 3448
6.037 3447
6.07 3447
6.104 3446
6.126 3446
6.173 3446
6.207 3446
6.224 3446
6.259 3446
6.296 3445
6.317 3445
6.348 3445
6.377 3445
6.384 3445
6.401 3445
6.452 3445
6.481 3445
6.492 3445
6.517 3445
6.561 3445
6.591 3445
6.631 3445
6.666 3445
6.694 3444
6.743 3444
6.791 3443
6.819 3443
6.849 3443
6.871 3443
6.926 3443
6.969 3442
7.014 3442
7.045 3442
7.09 3441
7.123 3441
7.154 3441
7.178 3441
7.206 3440
7.266 3440
7.307 3440
7.35 3440
7.383 3440
7.412 3438
7.454 3438
7.488 3438
7.523 3438
7.559 3438
7.579 3438
7.615 3438
7.619 3438
7.659 3438
7.682 3438
7.716 3438
7.742 3437
7.766 3437
7.815 3437
7.818 3437
7.848 3437
7.868 3437
7.913 3437
7.953 3436
8 3436
8.033 3436
8.079 3436
8.126 3436
8.16 3436
8.184 3436
8.216 3436
8.244 3436
8.261 3436
8.289 3436
8.319 3436
8.335 3436
8.339 3436
8.366 3436
8.389 3436
8.428 3436
8.444 3436
8.458 3436
8.488 3436
8.512 3436
8.542 3436
8.562 3436
8.614 3435
8.652 3435
8.687 3434
8.714 3434
8.742 3434
8.762 3434
8.803 3434
8.829 3434
8.861 3434
8.904 3433
8.907 3433
8.925 3433
8.964 3433
8.996 3433
9.04 3433
9.066 3433
9.09 3433
9.122 3433
9.158 3432
9.186 3432
9.206 3432
9.227 3432
9.264 3432
9.284 3432
9.304 3432
9.334 3432
9.358 3432
9.384 3432
9.402 3432
9.428 3432
9.461 3432
9.502 3432
9.525 3432
9.547 3432
9.571 3432
9.602 3431
9.632 3431
9.665 3431
9.668 3431
9.7 3429
9.732 3429
9.771 3429
9.791 3429
9.828 3429
9.87 3429
9.919 3429
9.965 3429
9.987 3429
10.015 3429
