0 3698
0.401 3698
0.568 3659
0.762 3636
0.97 3624
1.14 3621
1.345 3595
1.519 3586
1.641 3574
1.777 3567
1.963 3567
2.119 3567
2.293 3558
2.561 3558
2.677 3549
2.843 3549
3.057 3549
3.165 3546
3.281 3535
3.428 3533
3.67 3533
3.926 3530
4.082 3524
4.304 3524
4.419 3519
4.604 3515
4.756 3515
4.975 3511
5.065 3511
5.249 3510
5.52 3506
5.75 3503
5.927 3503
6.128 3502
6.33 3501
6.494 3499
6.64 3496
6.854 3496
6.991 3492
7.19 3491
7.38 3491
7.555 3491
7.713 3491
7.934 3489
8.065 3485
8.213 3485
8.525 3485
8.686 3485
8.822 3479
8.982 3479
9.146 3479
9.358 3479
9.488 3479
9.681 3477
9.85 3476
10.033 3475
