0 3800
0.061 3702
0.12 3660
0.154 3644
0.185 3622
0.212 3622
0.245 3604
0.275 3604
0.279 3604
0.307 3604
0.352 3585
0.4 3582
0.43 3582
0.435 3582
0.458 3582
0.489 3576
0.523 3573
0.562 3566
0.598 3562
0.638 3559
0.682 3542
0.725 3537
0.769 3537
0.809 3533
0.83 3533
0.864 3531
0.902 3529
0.921 3529
0.974 3524
1.008 3523
1.053 3515
1.081 3512
1.105 3512
1.111 3512
1.136 3512
1.161 3512
1.198 3512
1.238 3510
1.27 3506
1.315 3506
1.348 3506
1.379 3506
1.384 3506
1.442 3502
1.483 3499
1.518 3499
1.566 3499
1.598 3495
1.635 3495
1.669 3493
1.699 3493
1.736 3493
1.78 3493
1.823 3491
1.853 3491
1.894 3487
1.937 3485
1.941 3485
1.988 3484
2.018 3482
2.066 3482
2.109 3479
2.138 3479
2.18 3478
2.212 3475
2.244 3475
2.276 3475
2.32 3475
2.355 3475
2.405 3475
2.454 3473
2.475 3473
2.522 3471
2.575 3471
2.605 3471
2.645 3469
2.677 3469
2.717 3469
2.76 3469
2.792 3468
2.823 3468
2.872 3468
2.912 3466
2.92 3466
2.945 3466
2.992 3464
3.022 3461
3.057 3461
3.096 3461
3.127 3461
3.153 3461
3.19 3461
3.228 3461
3.275 3461
3.311 3460
3.356 3460
3.396 3457
3.441 3457
3.464 3457
3.49 3457
3.519 3456
3.55 3456
3.579 3456
3.616 3456
3.644 3456
3.671 3456
3.705 3455
3.752 3455
3.776 3455
3.809 3455
3.833 3454
3.865 3454
3.901 3454
3.938 3454
3.972 3453
4.001 3452
4.034 3452
4.058 3452
4.089 3452
4.12 3451
4.148 3451
4.189 3451
4.217 3451
4.255 3450
4.289 3450
4.306 3450
4.337 3450
4.36 3450
4.391 3447
4.415 3447
4.449 3447
4.474 3447
4.511 3447
4.549 3447
4.578 3447
4.606 3447
4.644 3445
4.676 3445
4.72 3444
4.736 3444
4.76 3444
4.768 3444
4.808 3444
4.811 3444
4.845 3444
4.876 3443
4.894 3443
4.931 3442
4.957 3442
4.999 3441
5.031 3441
5.068 3441
5.101 3441
5.138 3441
5.161 3441
5.201 3441
5.242 3440
5.275 3440
5.304 3440
5.33 3440
5.361 3440
5.395 3440
5.43 3440
5.457 3440
5.484 3440
5.508 3440
5.549 3440
5.579 3440
5.603 3440
5.644 3440
5.669 3440
5.705 3440
5.731 3440
5.767 3440
5.811 3440
5.838 3440
5.876 3440
5.9 3440
5.94 3440
5.981 3440
6.004 3440
6.053 3440
6.098 3439
6.135 3439
6.169 3439
6.2 3439
6.236 3438
6.265 3438
6.297 3438
6.321 3438
6.358 3438
6.407 3438
6.439 3438
6.464 3438
6.493 3438
6.529 3438
6.577 3438
6.606 3438
6.624 3438
6.658 3438
6.691 3438
6.731 3438
6.751 3438
6.78 3438
6.827 3436
6.872 3436
6.903 3436
6.936 3436
6.963 3436
6.989 3436
7.019 3436
7.042 3436
7.068 3434
7.087 3434
7.092 3434
7.131 3434
7.156 3434
7.197 3434
7.224 3434
7.249 3434
7.289 3434
7.327 3434
7.354 3434
7.396 3434
7.424 3434
7.448 3434
7.475 3434
7.497 3434
7.529 3434
7.562 3434
7.592 3434
7.639 3434
7.659 3434
7.685 3434
7.69 3434
7.731 3434
7.77 3434
7.806 3434
7.855 3434
7.896 3434
7.944 3434
7.966 3434
7.99 3434
8.022 3434
8.054 3433
8.082 3433
8.107 3433
8.138 3433
8.17 3433
8.201 3433
8.204 3433
8.231 3433
8.256 3433
8.299 3433
8.334 3433
8.342 3433
8.375 3433
8.407 3432
8.429 3432
8.483 3432
8.513 3432
8.538 3432
8.568 3432
8.619 3432
8.644 3432
8.685 3432
8.712 3431
8.738 3431
8.765 3431
8.779 3431
8.819 3431
8.845 3431
8.878 3431
8.907 3431
8.936 3431
8.95 3431
8.974 3431
9.002 3431
9.006 3431
9.04 3431
9.081 3431
9.113 3431
9.134 3431
9.165 3431
9.191 3431
9.225 3431
9.248 3431
9.29 3431
9.316 3431
9.344 3431
9.372 3431
9.399 3431
9.435 3431
9.471 3430
9.508 3430
9.534 3430
9.578 3430
9.61 3430
9.638 3430
9.67 3430
9.705 3429
9.749 3429
9.783 3429
9.814 3429
9.847 3429
9.871 3429
9.924 3429
9.952 3429
9.984 3429
10.023 3429
