0 3811
0.071 3697
0.117 3660
0.163 3641
0.202 3613
0.258 3613
0.29 3613
0.351 3587
0.406 3576
0.457 3564
0.492 3562
0.522 3562
0.575 3541
0.627 3541
0.67 3537
0.716 3537
0.771 3528
0.818 3528
0.853 3528
0.888 3526
0.941 3520
0.982 3518
1.026 3514
1.063 3514
1.11 3507
1.155 3503
1.208 3503
1.256 3503
1.301 3502
1.362 3500
1.379 3500
1.407 3497
1.441 3497
1.482 3493
1.531 3493
1.561 3488
1.595 3488
1.627 3486
1.655 3485
1.69 3485
1.714 3481
1.751 3481
1.786 3481
1.79 3481
1.822 3479
1.864 3475
1.873 3475
1.912 3472
1.939 3472
1.986 3471
2.03 3468
2.071 3467
2.112 3467
2.148 3467
2.204 3465
2.234 3465
2.288 3456
2.325 3456
2.366 3456
2.422 3456
2.456 3456
2.49 3455
2.516 3455
2.568 3455
2.599 3453
2.644 3453
2.683 3451
2.721 3450
2.764 3450
2.812 3449
2.851 3449
2.889 3449
2.93 3449
2.969 3449
3.009 3448
3.038 3448
3.08 3448
3.116 3446
3.149 3446
3.18 3446
3.213 3446
3.248 3446
3.276 3446
3.328 3445
3.361 3445
3.413 3443
3.433 3443
3.471 3443
3.491 3443
3.541 3442
3.585 3442
3.638 3442
3.671 3442
3.711 3442
3.762 3442
3.785 3442
3.807 3442
3.841 3442
3.871 3442
3.907 3442
3.938 3440
3.96 3440
3.99 3440
4.015 3440
4.053 3438
4.07 3438
4.103 3438
4.142 3438
4.175 3438
4.2 3438
4.258 3438
4.295 3436
4.35 3436
4.37 3436
4.429 3435
4.464 3435
4.49 3435
4.522 3435
4.555 3435
4.602 3435
4.643 3435
4.662 3435
4.706 3435
4.754 3435
4.794 3435
4.832 3434
4.868 3434
4.886 3434
4.925 3434
4.964 3434
5.003 3434
5.022 3434
5.067 3434
5.111 3434
5.157 3434
5.186 3434
5.223 3434
5.252 3434
5.296 3434
5.348 3434
5.373 3434
5.403 3434
5.441 3434
5.483 3431
5.526 3431
5.561 3431
5.611 3431
5.642 3431
5.686 3431
5.688 3431
5.722 3431
5.756 3431
5.793 3431
5.83 3431
5.868 3431
5.908 3431
5.937 3431
5.963 3431
5.996 3431
6.034 3431
6.067 3431
6.09 3431
6.124 3431
6.14 3431
6.161 3430
6.208 3430
6.247 3430
6.277 3430
6.311 3430
6.333 3429
6.353 3429
6.383 3429
6.402 3429
6.438 3429
6.474 3429
6.518 3429
6.551 3429
6.592 3427
6.635 3427
6.678 3427
6.719 3427
6.759 3427
6.8 3426
6.829 3426
6.883 3426
6.936 3426
6.965 3426
7.011 3426
7.062 3426
7.099 3426
7.115 3426
7.155 3426
7.188 3426
7.215 3426
7.247 3426
7.283 3426
7.313 3426
7.34 3426
7.368 3426
7.402 3425
7.439 3424
7.465 3424
7.487 3424
7.528 3424
7.571 3424
7.602 3424
7.653 3424
7.681 3424
7.71 3424
7.739 3424
7.766 3423
7.805 3423
7.836 3423
7.852 3423
7.898 3423
7.927 3423
7.967 3423
7.994 3423
8.039 3423
8.063 3423
8.085 3423
8.107 3423
8.138 3423
8.167 3423
8.2 3423
8.232 3423
8.252 3423
8.286 3423
8.316 3423
8.349 3423
8.379 3423
8.427 3423
8.447 3423
8.458 3423
8.485 3423
8.524 3423
8.557 3423
8.56 3423
8.597 3423
8.644 3423
8.689 3423
8.726 3423
8.757 3423
8.776 3423
8.805 3423
8.842 3423
8.859 3423
8.885 3423
8.907 3423
8.938 3423
8.966 3423
8.99 3423
9.026 3423
9.044 3423
9.071 3423
9.097 3422
9.133 3422
9.159 3422
9.163 3422
9.205 3422
9.229 3422
9.259 3422
9.287 3422
9.316 3422
9.343 3422
9.386 3421
9.429 3420
9.473 3420
9.493 3420
9.521 3420
9.54 3420
9.578 3420
9.591 3420
9.619 3420
9.653 3420
9.671 3420
9.697 3420
9.726 3420
9.745 3420
9.782 3420
9.807 3420
9.839 3420
9.876 3420
9.913 3420
9.95 3420
9.986 3420
10.027 3420
