0 3697
0.484 3668
0.63 3644
0.816 3635
0.983 3624
1.135 3621
1.221 3620
1.351 3606
1.426 3606
1.599 3599
1.722 3590
1.834 3577
2.002 3577
2.099 3563
2.154 3563
2.235 3563
2.383 3561
2.498 3556
2.578 3556
2.707 3550
2.816 3548
2.926 3542
3.147 3540
3.315 3532
3.4 3530
3.534 3524
3.652 3522
3.742 3522
3.908 3519
4.056 3519
4.107 3519
4.243 3519
4.366 3517
4.521 3512
4.623 3512
4.685 3512
4.813 3508
4.847 3507
4.883 3507
5.028 3504
5.107 3504
5.199 3502
5.309 3502
5.479 3499
5.574 3499
5.727 3499
5.848 3491
5.855 3491
5.966 3488
6.098 3488
6.208 3488
6.291 3488
6.367 3488
6.483 3488
6.563 3488
6.689 3487
6.839 3485
6.957 3482
7.054 3482
7.202 3477
7.376 3477
7.528 3474
7.629 3474
7.75 3474
7.842 3474
7.958 3474
8.121 3474
8.214 3474
8.397 3474
8.517 3474
8.638 3474
8.807 3474
8.912 3473
8.927 3473
9.027 3473
9.159 3473
9.297 3470
9.403 3470
9.499 3470
9.59 3470
9.741 3469
9.811 3469
9.881 3469
9.93 3469
10.095 3469
