0 3807
0.082 3703
0.15 3667
0.193 3642
0.26 3619
0.308 3613
0.337 3600
0.386 3592
0.435 3584
0.503 3578
0.559 3574
0.611 3561
0.657 3554
0.727 3542
0.775 3534
0.822 3534
0.856 3534
0.935 3526
0.964 3526
0.996 3526
1.043 3523
1.111 3515
1.168 3515
1.218 3509
1.268 3505
1.306 3502
1.356 3502
1.385 3502
1.418 3502
1.46 3498
1.498 3498
1.548 3497
1.579 3493
1.63 3493
1.668 3493
1.707 3491
1.733 3491
1.78 3487
1.824 3483
1.858 3483
1.879 3483
1.922 3481
1.954 3481
1.977 3481
2.016 3481
2.062 3480
2.129 3477
2.174 3476
2.209 3476
2.234 3476
2.297 3476
2.334 3476
2.367 3475
2.422 3475
2.462 3471
2.498 3467
2.54 3467
2.578 3467
2.643 3467
2.679 3467
2.707 3466
2.733 3466
2.776 3465
2.823 3465
2.849 3465
2.889 3465
2.93 3465
2.982 3465
2.986 3465
3.029 3462
3.066 3460
3.119 3458
3.15 3458
3.153 3458
3.208 3456
3.23 3456
3.233 3456
3.256 3456
3.323 3456
3.365 3456
3.397 3456
3.458 3456
3.503 3456
3.543 3456
3.597 3456
3.631 3456
3.671 3455
3.708 3455
3.732 3455
3.787 3454
3.82 3454
3.863 3454
3.905 3454
3.959 3454
3.99 3454
4.041 3452
4.044 3452
4.092 3452
4.138 3452
4.189 3448
4.227 3448
4.269 3447
4.316 3447
4.359 3447
4.387 3447
4.417 3447
4.465 3447
4.501 3447
4.545 3445
4.582 3445
4.627 3445
4.659 3445
4.7 3445
4.763 3445
4.814 3443
4.844 3443
4.889 3442
4.933 3442
4.97 3442
5 3442
5.043 3442
5.082 3442
5.103 3442
5.134 3442
5.184 3442
5.228 3442
5.281 3441
5.326 3441
5.372 3441
5.412 3441
5.445 3440
5.495 3440
5.546 3440
5.583 3439
5.628 3439
5.653 3439
5.698 3438
5.739 3438
5.782 3438
5.832 3438
5.863 3438
5.896 3435
5.934 3434
5.965 3434
6.009 3433
6.028 3433
6.061 3433
6.092 3433
6.126 3431
6.175 3431
6.2 3431
6.229 3431
6.26 3431
6.295 3431
6.315 3431
6.318 3431
6.337 3431
6.373 3431
6.408 3431
6.444 3431
6.48 3431
6.5 3431
6.545 3431
6.643 3431
6.691 3431
6.711 3431
6.727 3431
6.758 3431
6.795 3431
6.827 3431
6.864 3431
6.9 3429
6.939 3429
6.969 3429
7.004 3429
7.022 3429
7.062 3429
7.09 3429
7.132 3429
7.179 3429
7.205 3429
7.233 3429
7.261 3429
7.29 3429
7.294 3429
7.342 3429
7.392 3429
7.395 3429
7.435 3429
7.47 3429
7.5 3429
7.531 3429
7.569 3429
7.591 3429
7.611 3429
7.644 3429
7.683 3429
7.7 3429
7.734 3429
7.759 3429
7.789 3428
7.822 3428
7.858 3428
7.896 3428
7.934 3428
7.991 3428
8.029 3428
8.071 3428
8.118 3428
8.146 3428
8.188 3428
8.222 3428
8.265 3428
8.289 3428
8.325 3428
8.36 3428
8.401 3428
8.462 3428
8.477 3428
8.523 3428
8.575 3428
8.605 3428
8.635 3428
8.68 3428
8.729 3428
8.746 3428
8.785 3428
8.824 3427
8.856 3427
8.875 3427
8.912 3427
8.952 3427
8.995 3427
9.029 3427
9.065 3427
9.088 3427
9.09 3427
9.123 3427
9.15 3427
9.172 3427
9.196 3427
9.223 3427
9.263 3427
9.265 3427
9.3 3427
9.336 3427
9.36 3427
9.397 3426
9.428 3426
9.472 3426
9.503 3426
9.537 3426
9.564 3426
9.605 3426
9.629 3426
9.659 3426
9.696 3426
9.733 3426
9.74 3426
9.772 3426
9.806 3425
9.848 3424
9.88 3424
9.927 3424
9.935 3424
9.965 3424
10.016 3424
