0 3811
0.124 3702
0.34 3649
0.406 3634
0.475 3634
0.542 3618
0.642 3597
0.719 3597
0.779 3587
0.871 3578
1.013 3578
1.065 3567
1.129 3562
1.207 3562
1.282 3549
1.321 3544
1.4 3544
1.496 3532
1.561 3532
1.631 3532
1.687 3529
1.761 3528
1.811 3528
1.902 3522
1.965 3510
2.011 3509
2.108 3509
2.17 3509
2.234 3507
2.286 3506
2.373 3503
2.418 3503
2.503 3500
2.571 3495
2.607 3495
2.666 3493
2.726 3493
2.804 3493
2.871 3491
2.98 3487
3.058 3483
3.133 3483
3.204 3483
3.299 3480
3.382 3477
3.438 3477
3.503 3475
3.569 3475
3.643 3475
3.735 3475
3.827 3475
3.91 3475
3.986 3473
4.083 3470
4.148 3470
4.215 3470
4.264 3470
4.351 3469
4.408 3469
4.444 3468
4.516 3468
4.565 3468
4.62 3466
4.689 3466
4.795 3466
4.875 3466
4.945 3465
5.001 3465
5.096 3464
5.179 3463
5.222 3463
5.305 3462
5.373 3462
5.433 3462
5.484 3461
5.548 3460
5.614 3460
5.683 3460
5.71 3460
5.764 3460
5.813 3460
5.862 3460
5.928 3460
5.963 3460
6.051 3457
6.128 3457
6.163 3457
6.211 3451
6.26 3451
6.332 3451
6.423 3451
6.501 3451
6.565 3451
6.645 3451
6.724 3451
6.782 3451
6.831 3451
6.886 3451
6.978 3449
7.051 3449
7.098 3449
7.169 3449
7.224 3449
7.287 3449
7.342 3449
7.434 3447
7.501 3447
7.558 3447
7.618 3447
7.694 3447
7.767 3447
7.826 3447
7.887 3447
7.936 3447
7.997 3447
8.059 3447
8.119 3447
8.175 3447
8.23 3447
8.297 3446
8.388 3444
8.435 3444
8.529 3442
8.598 3442
8.659 3442
8.703 3442
8.745 3442
8.809 3442
8.881 3442
8.945 3442
9.021 3441
9.097 3440
9.152 3440
9.245 3440
9.266 3440
9.318 3440
9.378 3440
9.458 3440
9.529 3440
9.591 3440
9.671 3438
9.772 3436
9.833 3436
9.889 3436
9.949 3436
10.026 3435
