0 3807
0.212 3703
0.353 3664
0.489 3646
0.696 3620
0.772 3620
0.87 3618
0.955 3602
1.048 3602
1.177 3585
1.295 3585
1.385 3576
1.47 3568
1.562 3560
1.686 3550
1.805 3550
1.956 3550
2.078 3546
2.218 3540
2.348 3540
2.447 3535
2.551 3534
2.671 3532
2.776 3531
2.882 3531
3.033 3529
3.16 3522
3.273 3520
3.379 3515
3.484 3515
3.626 3515
3.791 3508
3.881 3504
3.967 3504
4.075 3504
4.241 3504
4.352 3502
4.513 3501
4.623 3501
4.727 3498
4.789 3494
4.887 3494
5.021 3494
5.151 3493
5.253 3491
5.343 3491
5.438 3491
5.506 3490
5.652 3486
5.732 3485
5.83 3485
5.953 3485
5.996 3485
6.038 3482
6.137 3482
6.225 3482
6.345 3482
6.42 3482
6.529 3481
6.63 3476
6.822 3476
6.939 3474
7.096 3474
7.205 3472
7.287 3471
7.371 3471
7.463 3471
7.544 3470
7.629 3470
7.739 3470
7.842 3468
7.973 3467
8.044 3467
8.172 3466
8.277 3465
8.381 3465
8.426 3465
8.545 3465
8.636 3463
8.735 3463
8.866 3461
9.021 3461
9.149 3460
9.213 3460
9.318 3460
9.427 3460
9.489 3460
9.558 3460
9.675 3459
9.818 3459
9.914 3458
10.027 3457
