0 3820
0.085 3697
0.17 3665
0.235 3645
0.28 3630
0.33 3612
0.433 3612
0.492 3599
0.56 3593
0.62 3593
0.69 3585
0.73 3580
0.837 3577
0.909 3575
0.992 3568
1.02 3564
1.078 3562
1.125 3556
1.176 3556
1.25 3552
1.327 3541
1.415 3535
1.462 3535
1.505 3535
1.573 3535
1.608 3535
1.7 3525
1.754 3525
1.838 3523
1.946 3521
2.009 3521
2.049 3521
2.134 3518
2.243 3517
2.327 3515
2.372 3512
2.471 3507
2.553 3505
2.647 3502
2.723 3502
2.777 3502
2.882 3502
2.935 3502
2.993 3501
3.084 3501
3.156 3497
3.231 3497
3.31 3494
3.349 3494
3.405 3494
3.43 3494
3.49 3491
3.562 3488
3.63 3485
3.705 3485
3.765 3485
3.821 3485
3.922 3483
3.982 3483
4.081 3479
4.156 3479
4.218 3477
4.291 3475
4.355 3475
4.436 3475
4.481 3475
4.513 3475
4.589 3475
4.702 3475
4.803 3473
4.887 3473
4.949 3473
5.014 3473
5.075 3473
5.144 3472
5.275 3469
5.348 3469
5.44 3469
5.491 3469
5.536 3469
5.59 3469
5.644 3469
5.714 3466
5.773 3465
5.84 3465
5.904 3463
5.983 3463
6.077 3463
6.153 3463
6.222 3460
6.278 3460
6.33 3460
6.393 3460
6.429 3460
6.525 3460
6.61 3460
6.675 3460
6.753 3459
6.828 3458
6.904 3458
6.956 3458
7.018 3458
7.09 3458
7.168 3458
7.222 3457
7.3 3457
7.372 3457
7.431 3457
7.489 3456
7.549 3456
7.633 3456
7.702 3455
7.772 3455
7.848 3454
7.935 3454
7.996 3452
8.05 3452
8.072 3451
8.156 3451
8.212 3451
8.241 3451
8.307 3451
8.36 3451
8.427 3450
8.48 3450
8.519 3450
8.584 3450
8.645 3450
8.704 3450
8.763 3449
8.833 3449
8.865 3449
8.922 3449
8.975 3449
9.011 3449
9.061 3449
9.137 3449
9.181 3448
9.225 3448
9.279 3446
9.34 3446
9.394 3446
9.451 3446
9.499 3446
9.568 3446
9.646 3446
9.721 3446
9.774 3446
9.83 3446
9.869 3446
9.934 3446
9.995 3446
