0 3800
0.088 3694
0.155 3658
0.2 3642
0.299 3623
0.372 3623
0.417 3613
0.491 3611
0.549 3605
0.635 3590
0.691 3590
0.769 3578
0.843 3575
0.92 3568
1.036 3564
1.113 3555
1.185 3551
1.247 3551
1.331 3546
1.38 3546
1.439 3540
1.512 3540
1.597 3539
1.637 3539
1.726 3537
1.761 3537
1.834 3529
1.918 3515
1.986 3515
2.062 3515
2.141 3515
2.215 3514
2.279 3512
2.337 3512
2.407 3505
2.504 3504
2.594 3504
2.67 3504
2.708 3504
2.793 3504
2.875 3502
2.927 3498
3.024 3492
3.099 3492
3.164 3492
3.205 3491
3.322 3491
3.434 3491
3.528 3491
3.547 3491
3.609 3491
3.707 3489
3.764 3488
3.86 3487
3.917 3484
3.95 3483
4.019 3483
4.087 3482
4.122 3482
4.176 3482
4.268 3480
4.344 3480
4.413 3480
4.522 3480
4.57 3480
4.667 3478
4.727 3476
4.796 3476
4.871 3476
4.942 3476
4.988 3475
5.052 3475
5.109 3474
5.187 3474
5.266 3473
5.332 3472
5.374 3472
5.458 3472
5.533 3472
5.564 3472
5.64 3471
5.683 3471
5.722 3470
5.794 3470
5.859 3470
5.923 3462
6.009 3462
6.057 3462
6.126 3462
6.208 3462
6.277 3462
6.333 3462
6.379 3462
6.428 3462
6.501 3462
6.556 3462
6.617 3462
6.669 3461
6.739 3459
6.806 3458
6.864 3458
6.933 3458
7.025 3456
7.07 3456
7.143 3456
7.206 3456
7.285 3456
7.355 3454
7.411 3454
7.486 3454
7.544 3452
7.591 3452
7.68 3451
7.741 3451
7.794 3451
7.871 3451
7.96 3451
8.021 3451
8.107 3451
8.157 3451
8.201 3451
8.304 3451
8.376 3449
8.414 3449
8.493 3449
8.569 3449
8.615 3449
8.664 3449
8.705 3449
8.746 3449
8.82 3449
8.873 3449
8.91 3449
8.939 3448
8.983 3448
9.037 3448
9.138 3448
9.168 3448
9.227 3448
9.325 3448
9.388 3448
9.434 3448
9.511 3448
9.591 3448
9.66 3448
9.728 3448
9.775 3448
9.849 3447
9.907 3446
10.004 3446
