0 3820
0.092 3695
0.137 3661
0.191 3639
0.217 3639
0.261 3616
0.294 3600
0.331 3598
0.373 3598
0.39 3595
0.438 3581
0.458 3568
0.5 3559
0.529 3559
0.558 3546
0.563 3546
0.619 3542
0.657 3537
0.699 3537
0.733 3529
0.778 3529
0.824 3527
0.848 3527
0.888 3525
0.914 3516
0.935 3513
0.983 3513
1.022 3512
1.044 3512
1.081 3508
1.116 3506
1.136 3506
1.181 3505
1.233 3499
1.263 3499
1.293 3499
1.303 3499
1.337 3490
1.379 3490
1.412 3490
1.444 3488
1.484 3488
1.531 3488
1.547 3488
1.589 3487
1.624 3487
1.628 3487
1.662 3487
1.7 3485
1.735 3485
1.784 3484
1.809 3484
1.846 3481
1.865 3481
1.894 3481
1.931 3479
1.972 3477
2.01 3477
2.048 3476
2.073 3476
2.113 3474
2.144 3474
2.182 3473
2.213 3473
2.242 3473
2.268 3473
2.31 3472
2.347 3471
2.382 3471
2.428 3470
2.459 3469
2.502 3469
2.507 3469
2.545 3468
2.575 3468
2.598 3468
2.65 3468
2.69 3467
2.717 3466
2.741 3466
2.781 3465
2.815 3465
2.825 3465
2.855 3464
2.882 3464
2.909 3464
2.944 3464
2.985 3463
3.02 3463
3.056 3463
3.096 3463
3.14 3463
3.161 3463
3.188 3463
3.22 3463
3.264 3463
3.299 3462
3.319 3460
3.343 3460
3.354 3460
3.399 3458
3.417 3458
3.452 3458
3.482 3458
3.488 3458
3.493 3458
3.528 3458
3.548 3458
3.579 3458
3.617 3453
3.64 3453
3.677 3453
3.709 3452
3.757 3452
3.789 3452
3.813 3452
3.849 3452
3.879 3452
3.908 3452
3.946 3452
3.995 3452
4.038 3451
4.078 3451
4.104 3451
4.125 3451
4.155 3451
4.178 3451
4.222 3450
4.246 3450
4.279 3449
4.317 3449
4.352 3449
4.355 3449
4.38 3449
4.415 3449
4.436 3449
4.461 3449
4.495 3449
4.518 3449
4.548 3449
4.587 3449
4.632 3449
4.662 3445
4.69 3445
4.716 3445
4.745 3444
4.781 3444
4.824 3444
4.85 3444
4.877 3444
4.913 3444
4.957 3444
4.981 3444
5.018 3444
5.04 3444
5.081 3442
5.112 3442
5.148 3442
5.181 3442
5.213 3442
5.239 3442
5.257 3442
5.29 3442
5.314 3442
5.347 3442
5.387 3442
5.419 3442
5.449 3442
5.483 3440
5.521 3440
5.55 3439
5.575 3439
5.602 3439
5.634 3439
5.666 3439
5.691 3439
5.721 3439
5.748 3439
5.754 3439
5.787 3439
5.809 3439
5.828 3439
5.86 3438
5.873 3438
5.893 3438
5.917 3438
5.942 3438
5.969 3438
5.999 3438
6.037 3438
6.071 3438
6.095 3438
6.139 3437
6.168 3437
6.196 3437
6.218 3437
6.248 3437
6.281 3437
6.319 3437
6.336 3437
6.362 3437
6.394 3437
6.435 3437
6.461 3437
6.486 3437
6.515 3437
6.54 3437
6.573 3437
6.597 3437
6.628 3437
6.656 3437
6.675 3437
6.701 3437
6.729 3437
6.752 3437
6.772 3436
6.801 3436
6.804 3436
6.843 3436
6.862 3436
6.891 3436
6.92 3436
6.95 3436
6.97 3436
7 3436
7.029 3436
7.06 3436
7.094 3436
7.125 3436
7.159 3436
7.193 3436
7.228 3435
7.263 3435
7.301 3435
7.325 3435
7.357 3435
7.387 3435
7.412 3435
7.454 3435
7.494 3435
7.519 3435
7.562 3434
7.586 3434
7.621 3434
7.652 3434
7.674 3434
7.71 3433
7.73 3433
7.749 3433
7.77 3433
7.803 3433
7.834 3433
7.856 3433
7.873 3433
7.897 3433
7.928 3433
7.967 3433
7.986 3433
8.016 3432
8.054 3432
8.085 3432
8.118 3432
8.149 3432
8.185 3432
8.218 3432
8.246 3432
8.28 3431
8.318 3431
8.345 3431
8.379 3430
8.421 3430
8.455 3430
8.476 3430
8.502 3429
8.534 3429
8.538 3429
8.579 3429
8.613 3429
8.643 3429
8.675 3429
8.681 3429
8.706 3429
8.736 3429
8.75 3429
8.777 3429
8.81 3429
8.84 3429
8.859 3429
8.905 3429
8.936 3429
8.96 3429
8.98 3429
9.007 3429
9.044 3429
9.078 3429
9.095 3429
9.124 3429
9.156 3429
9.183 3429
9.215 3428
9.251 3427
9.279 3427
9.303 3427
9.335 3427
9.372 3426
9.392 3426
9.417 3426
9.445 3426
9.476 3426
9.509 3426
9.539 3425
9.569 3425
9.597 3425
9.614 3425
9.647 3425
9.668 3425
9.701 3425
9.724 3425
9.763 3425
9.788 3425
9.817 3425
9.838 3425
9.872 3425
9.901 3425
9.94 3425
9.961 3425
9.985 3425
10.014 3425
