0 3820
0.07 3706
0.146 3667
0.174 3638
0.205 3638
0.249 3630
0.251 3630
0.267 3630
0.314 3620
0.375 3620
0.401 3615
0.465 3602
0.511 3596
0.563 3581
0.611 3580
0.664 3574
0.722 3565
0.745 3565
0.805 3552
0.849 3552
0.912 3545
0.98 3545
1.065 3539
1.135 3534
1.158 3534
1.264 3532
1.318 3527
1.4 3523
1.442 3523
1.467 3523
1.5 3514
1.549 3514
1.602 3512
1.638 3512
1.687 3512
1.72 3507
1.77 3507
1.824 3507
1.875 3507
1.95 3507
1.998 3507
2.043 3507
2.093 3507
2.152 3502
2.2 3501
2.225 3498
2.273 3498
2.33 3496
2.387 3490
2.453 3490
2.489 3486
2.556 3486
2.613 3486
2.649 3486
2.695 3482
2.745 3479
2.788 3479
2.823 3479
2.847 3479
2.904 3479
2.946 3479
2.997 3479
3.043 3479
3.09 3479
3.128 3479
3.2 3475
3.253 3475
3.308 3475
3.363 3473
3.389 3473
3.427 3473
3.468 3473
3.53 3472
3.552 3472
3.617 3471
3.656 3471
3.703 3469
3.752 3467
3.8 3467
3.856 3467
3.894 3467
3.961 3467
4.013 3467
4.07 3466
4.123 3465
4.166 3465
4.22 3465
4.255 3465
4.319 3465
4.361 3465
4.416 3463
4.459 3463
4.505 3461
4.548 3461
4.616 3459
4.665 3459
4.716 3458
4.765 3458
4.8 3458
4.834 3458
4.874 3458
4.931 3457
4.966 3457
5.037 3457
5.093 3457
5.148 3456
5.197 3456
5.237 3452
5.281 3452
5.326 3452
5.358 3452
5.408 3452
5.456 3452
5.488 3452
5.52 3452
5.583 3452
5.638 3452
5.664 3452
5.696 3452
5.737 3452
5.79 3452
5.824 3452
5.9 3452
5.967 3452
6.017 3452
6.026 3452
6.11 3450
6.184 3450
6.232 3450
6.284 3450
6.333 3450
6.371 3449
6.432 3449
6.479 3449
6.551 3449
6.61 3447
6.664 3447
6.701 3447
6.747 3447
6.8 3446
6.845 3446
6.886 3446
6.912 3446
6.966 3446
7.002 3446
7.053 3446
7.067 3446
7.133 3446
7.183 3445
7.235 3445
7.273 3442
7.332 3442
7.409 3442
7.459 3442
7.496 3442
7.539 3442
7.562 3442
7.621 3442
7.672 3441
7.696 3441
7.722 3440
7.745 3440
7.78 3440
7.827 3440
7.873 3440
7.924 3440
7.959 3439
7.996 3439
8.032 3439
8.075 3439
8.141 3439
8.162 3439
8.196 3439
8.236 3439
8.296 3439
8.333 3439
8.363 3439
8.414 3439
8.468 3439
8.503 3439
8.541 3439
8.609 3439
8.655 3439
8.698 3439
8.726 3439
8.776 3438
8.808 3438
8.864 3437
8.916 3437
8.978 3437
9.012 3437
9.063 3437
9.131 3437
9.181 3437
9.217 3436
9.247 3436
9.296 3436
9.336 3436
9.382 3436
9.426 3436
9.474 3436
9.489 3436
9.524 3436
9.568 3436
9.62 3436
9.649 3436
9.71 3436
9.761 3436
9.782 3436
9.798 3436
9.83 3436
9.879 3436
9.931 3436
9.955 3436
9.99 3436
10.033 3436
