0 3820
0.132 3694
0.226 3662
0.375 3646
0.435 3628
0.586 3628
0.687 3605
0.774 3605
0.908 3602
0.988 3587
1.074 3587
1.166 3575
1.281 3574
1.353 3574
1.505 3564
1.591 3564
1.752 3564
1.849 3559
1.937 3542
2.1 3542
2.21 3542
2.371 3542
2.429 3542
2.554 3539
2.656 3534
2.737 3534
2.843 3534
2.971 3529
3.081 3529
3.217 3524
3.35 3524
3.488 3519
3.602 3514
3.685 3514
3.806 3514
3.917 3514
4.065 3512
4.201 3510
4.336 3507
4.429 3507
4.528 3505
4.622 3505
4.677 3505
4.77 3505
4.876 3504
4.994 3496
5.087 3491
5.187 3491
5.275 3491
5.365 3491
5.507 3491
5.606 3489
5.76 3489
5.93 3486
6.046 3486
6.156 3483
6.28 3483
6.413 3481
6.528 3479
6.696 3476
6.765 3476
6.896 3476
7.006 3476
7.139 3476
7.244 3476
7.329 3474
7.415 3473
7.451 3473
7.529 3469
7.681 3469
7.751 3469
7.889 3468
7.995 3468
8.107 3466
8.219 3463
8.319 3463
8.457 3460
8.583 3460
8.688 3460
8.771 3458
8.872 3458
9.025 3455
9.157 3455
9.2 3455
9.317 3455
9.454 3454
9.556 3454
9.635 3454
9.789 3454
9.928 3454
10.078 3454
