0 3811
0.093 3687
0.132 3656
0.164 3656
0.198 3639
0.249 3628
0.28 3611
0.284 3611
0.325 3601
0.382 3583
0.42 3571
0.464 3570
0.495 3570
0.523 3567
0.568 3557
0.614 3547
0.64 3547
0.686 3541
0.72 3541
0.769 3540
0.814 3529
0.832 3525
0.879 3519
0.919 3519
0.939 3519
0.987 3518
1.05 3515
1.077 3511
1.129 3506
1.166 3504
1.193 3504
1.229 3504
1.25 3504
1.282 3502
1.332 3499
1.372 3498
1.399 3498
1.452 3496
1.479 3492
1.517 3489
1.561 3489
1.583 3489
1.632 3489
1.675 3487
1.712 3485
1.768 3485
1.799 3485
1.836 3485
1.873 3482
1.916 3481
1.949 3481
1.998 3480
2.027 3480
2.057 3478
2.099 3478
2.126 3477
2.156 3465
2.19 3464
2.232 3464
2.261 3464
2.306 3464
2.344 3464
2.381 3464
2.385 3464
2.42 3464
2.42 3464
2.457 3462
2.498 3462
2.533 3462
2.557 3462
2.584 3462
2.616 3462
2.661 3462
2.665 3462
2.692 3462
2.731 3462
2.785 3462
2.804 3462
2.84 3458
2.877 3458
2.921 3458
2.963 3458
3.001 3458
3.036 3458
3.081 3456
3.126 3456
3.162 3456
3.216 3454
3.253 3454
3.295 3454
3.325 3451
3.366 3451
3.396 3451
3.43 3451
3.471 3450
3.507 3449
3.531 3449
3.562 3449
3.594 3449
3.624 3448
3.654 3448
3.693 3447
3.724 3447
3.765 3447
3.806 3445
3.833 3443
3.875 3443
3.902 3443
3.959 3443
3.992 3443
4.035 3443
4.053 3443
4.101 3442
4.103 3442
4.141 3442
4.166 3437
4.201 3435
4.238 3435
4.273 3435
4.308 3433
4.34 3433
4.375 3433
4.41 3430
4.441 3430
4.474 3430
4.504 3430
4.522 3430
4.574 3430
4.603 3430
4.628 3430
4.663 3430
4.701 3430
4.745 3430
4.777 3430
4.813 3430
4.846 3430
4.886 3430
4.914 3430
4.936 3430
4.962 3430
4.993 3430
5.031 3430
5.051 3430
5.067 3430
5.106 3430
5.136 3430
5.161 3430
5.201 3430
5.236 3430
5.272 3430
5.319 3430
5.349 3430
5.379 3430
5.415 3430
5.462 3430
5.482 3430
5.521 3430
5.554 3430
5.595 3430
5.631 3430
5.683 3428
5.724 3428
5.743 3428
5.771 3428
5.797 3427
5.833 3427
5.856 3427
5.896 3427
5.91 3427
5.944 3427
5.972 3426
5.999 3426
6.055 3426
6.084 3426
6.123 3426
6.162 3426
6.193 3426
6.227 3426
6.264 3424
6.289 3424
6.315 3424
6.339 3424
6.361 3424
6.386 3424
6.423 3424
6.447 3424
6.484 3424
6.518 3424
6.552 3424
6.578 3423
6.61 3423
6.639 3423
6.664 3423
6.698 3423
6.716 3423
6.749 3423
6.797 3423
6.829 3423
6.867 3423
6.915 3423
6.943 3423
6.969 3423
6.992 3423
7.042 3423
7.069 3423
7.115 3423
7.147 3423
7.156 3423
7.193 3423
7.227 3423
7.268 3422
7.305 3422
7.343 3422
7.386 3422
7.416 3422
7.45 3422
7.453 3422
7.495 3422
7.524 3422
7.562 3421
7.592 3421
7.629 3421
7.671 3421
7.706 3421
7.741 3421
7.773 3421
7.811 3421
7.845 3421
7.866 3421
7.896 3421
7.929 3421
7.975 3421
8.002 3420
8.029 3420
8.055 3420
8.088 3420
8.118 3420
8.149 3420
8.172 3420
8.201 3420
8.211 3420
8.229 3420
8.269 3420
8.3 3420
8.304 3420
8.336 3420
8.364 3420
8.396 3420
8.426 3420
8.456 3420
8.499 3420
8.515 3420
8.543 3420
8.571 3419
8.595 3419
8.631 3419
8.677 3419
8.702 3419
8.741 3419
8.748 3419
8.782 3418
8.811 3418
8.844 3418
8.873 3418
8.9 3418
8.932 3418
8.963 3418
8.996 3418
9.033 3418
9.06 3418
9.075 3418
9.12 3418
9.164 3418
9.183 3418
9.212 3418
9.231 3418
9.262 3418
9.292 3418
9.316 3418
9.35 3417
9.372 3417
9.403 3417
9.438 3417
9.455 3417
9.486 3417
9.517 3417
9.546 3417
9.571 3417
9.604 3416
9.629 3416
9.667 3416
9.693 3416
9.729 3416
9.753 3416
9.779 3416
9.81 3416
9.859 3416
9.891 3416
9.925 3416
9.945 3416
9.98 3416
10.003 3416
