0 3698
0.276 3694
0.395 3667
0.466 3643
0.54 3643
0.786 3622
0.868 3608
0.938 3592
1.117 3573
1.218 3573
1.369 3559
1.497 3546
1.553 3536
1.671 3536
1.776 3536
1.924 3536
2.128 3536
2.241 3536
2.341 3528
2.467 3528
2.634 3527
2.706 3522
2.91 3518
3.031 3518
3.149 3518
3.303 3518
3.393 3507
3.545 3507
3.632 3507
3.716 3507
3.819 3507
3.946 3507
4.069 3503
4.242 3495
4.428 3493
4.543 3493
4.651 3493
4.712 3493
4.888 3490
4.992 3486
5.115 3486
5.225 3486
5.346 3486
5.409 3486
5.546 3486
5.66 3486
5.766 3481
5.919 3481
6.041 3481
6.131 3481
6.228 3476
6.347 3476
6.478 3475
6.541 3473
6.655 3473
6.795 3470
6.906 3468
6.976 3468
7.094 3468
7.227 3468
7.344 3468
7.348 3468
7.453 3468
7.509 3468
7.598 3468
7.756 3466
7.841 3466
7.971 3463
8.065 3463
8.175 3462
8.208 3462
8.312 3462
8.405 3460
8.506 3460
8.588 3460
8.675 3460
8.797 3460
8.899 3458
8.995 3458
9.103 3457
9.208 3455
9.311 3455
9.427 3455
9.632 3455
9.798 3455
9.894 3455
10.018 3455
