0 3820
0.084 3697
0.12 3675
0.168 3655
0.22 3648
0.238 3627
0.274 3612
0.301 3612
0.341 3592
0.4 3577
0.451 3577
0.483 3574
0.526 3563
0.59 3556
0.638 3551
0.663 3551
0.721 3545
0.777 3540
0.824 3540
0.883 3531
0.93 3527
1.003 3527
1.029 3527
1.081 3524
1.104 3524
1.147 3517
1.183 3517
1.214 3517
1.266 3512
1.31 3512
1.356 3498
1.376 3498
1.408 3493
1.462 3493
1.516 3493
1.56 3493
1.58 3493
1.615 3493
1.639 3493
1.676 3493
1.722 3491
1.739 3491
1.758 3490
1.8 3487
1.845 3487
1.893 3487
1.932 3485
1.965 3485
2.027 3483
2.058 3483
2.102 3480
2.14 3480
2.194 3480
2.196 3480
2.222 3480
2.264 3478
2.308 3478
2.355 3478
2.395 3477
2.429 3477
2.46 3477
2.519 3476
2.552 3476
2.581 3476
2.622 3473
2.657 3471
2.693 3471
2.732 3471
2.765 3471
2.81 3471
2.834 3471
2.853 3471
2.895 3469
2.94 3467
2.967 3467
3.011 3467
3.058 3467
3.097 3464
3.126 3463
3.154 3463
3.207 3463
3.262 3462
3.287 3462
3.337 3462
3.383 3462
3.416 3462
3.441 3459
3.477 3459
3.505 3458
3.526 3458
3.574 3457
3.627 3457
3.673 3456
3.706 3456
3.75 3456
3.782 3456
3.822 3453
3.849 3453
3.893 3451
3.929 3451
3.949 3451
3.968 3451
4.002 3451
4.035 3451
4.084 3450
4.116 3450
4.138 3450
4.174 3450
4.212 3450
4.231 3450
4.257 3450
4.289 3450
4.328 3449
4.356 3448
4.361 3448
4.405 3448
4.433 3448
4.485 3448
4.502 3448
4.535 3448
4.566 3447
4.596 3447
4.641 3446
4.693 3446
4.727 3446
4.755 3446
4.771 3446
4.804 3445
4.834 3444
4.872 3444
4.889 3444
4.898 3444
4.929 3443
4.948 3443
4.997 3443
5.044 3443
5.067 3443
5.115 3442
5.135 3442
5.165 3441
5.195 3441
5.229 3441
5.266 3439
5.312 3439
5.341 3439
5.378 3439
5.414 3439
5.443 3437
5.497 3437
5.549 3437
5.599 3437
5.637 3437
5.662 3437
5.715 3437
5.767 3437
5.809 3437
5.841 3437
5.882 3437
5.922 3436
5.948 3436
5.991 3436
6.009 3436
6.032 3436
6.05 3436
6.102 3436
6.128 3436
6.171 3436
6.209 3436
6.248 3436
6.289 3436
6.331 3436
6.364 3436
6.392 3436
6.426 3436
6.447 3436
6.478 3436
6.518 3436
6.548 3436
6.581 3436
6.625 3436
6.645 3434
6.678 3434
6.72 3434
6.756 3434
6.794 3434
6.834 3434
6.864 3434
6.895 3434
6.917 3434
6.953 3434
7 3432
7.027 3432
7.047 3432
7.077 3432
7.123 3432
7.15 3432
7.171 3432
7.213 3431
7.243 3431
7.277 3431
7.307 3431
7.31 3431
7.351 3431
7.384 3431
7.427 3431
7.457 3431
7.491 3431
7.509 3431
7.559 3431
7.593 3431
7.629 3431
7.662 3431
7.702 3431
7.718 3431
7.746 3431
7.776 3431
7.804 3431
7.824 3431
7.862 3431
7.892 3431
7.924 3431
7.964 3431
7.998 3431
8.031 3431
8.061 3431
8.1 3431
8.13 3431
8.163 3431
8.182 3431
8.221 3431
8.25 3431
8.279 3431
8.313 3431
8.35 3431
8.392 3431
8.416 3431
8.449 3431
8.482 3431
8.514 3430
8.544 3430
8.57 3430
8.587 3430
8.623 3430
8.629 3430
8.665 3430
8.696 3430
8.729 3430
8.76 3430
8.789 3429
8.82 3429
8.853 3429
8.881 3429
8.895 3429
8.923 3429
8.942 3429
8.972 3429
9.014 3429
9.058 3429
9.097 3429
9.114 3429
9.15 3429
9.183 3429
9.213 3429
9.243 3428
9.249 3428
9.284 3428
9.314 3428
9.351 3428
9.382 3428
9.409 3428
9.432 3428
9.457 3428
9.495 3428
9.515 3428
9.547 3428
9.592 3428
9.606 3428
9.609 3428
9.635 3428
9.674 3428
9.698 3428
9.742 3427
9.773 3427
9.812 3427
9.852 3427
9.887 3427
9.92 3426
9.954 3426
9.976 3426
10.04 3426
