0 3799
0.093 3704
0.137 3675
0.19 3651
0.22 3643
0.273 3628
0.312 3628
0.363 3605
0.394 3604
0.433 3585
0.482 3567
0.504 3567
0.558 3553
0.6 3553
0.643 3553
0.701 3553
0.75 3553
0.801 3552
0.829 3542
0.86 3542
0.892 3542
0.926 3542
0.981 3535
1.034 3528
1.063 3528
1.113 3523
1.164 3523
1.213 3522
1.243 3522
1.309 3515
1.336 3511
1.371 3509
1.401 3509
1.448 3505
1.488 3505
1.537 3503
1.564 3503
1.595 3501
1.631 3501
1.664 3500
1.709 3500
1.734 3500
1.779 3495
1.819 3495
1.864 3495
1.904 3492
1.958 3492
2.011 3492
2.057 3492
2.091 3492
2.146 3492
2.194 3492
2.233 3490
2.271 3487
2.328 3487
2.373 3487
2.405 3487
2.441 3486
2.477 3485
2.515 3482
2.56 3482
2.565 3482
2.602 3482
2.628 3482
2.685 3482
2.718 3478
2.77 3478
2.797 3478
2.804 3478
2.832 3478
2.858 3475
2.863 3475
2.911 3475
2.945 3473
2.948 3473
2.963 3473
2.992 3473
3.024 3473
3.07 3473
3.089 3473
3.123 3473
3.163 3473
3.203 3473
3.249 3473
3.27 3473
3.277 3473
3.319 3471
3.344 3471
3.399 3471
3.435 3471
3.462 3471
3.514 3469
3.525 3469
3.557 3469
3.608 3465
3.635 3465
3.684 3464
3.723 3464
3.778 3464
3.83 3464
3.863 3464
3.9 3463
3.946 3460
3.987 3460
4.019 3460
4.053 3460
4.097 3459
4.128 3459
4.182 3455
4.221 3455
4.25 3455
4.292 3454
4.324 3454
4.356 3454
4.376 3454
4.38 3454
4.414 3454
4.444 3454
4.472 3453
4.517 3453
4.56 3453
4.578 3453
4.613 3453
4.65 3453
4.681 3453
4.712 3453
4.749 3452
4.783 3452
4.833 3452
4.89 3452
4.925 3452
4.931 3452
4.967 3452
4.996 3452
5.021 3452
5.053 3452
5.079 3452
5.124 3450
5.154 3450
5.183 3450
5.224 3450
5.262 3450
5.309 3449
5.337 3449
5.373 3449
5.412 3449
5.438 3449
5.465 3449
5.494 3449
5.526 3448
5.564 3448
5.607 3448
5.642 3448
5.677 3448
5.704 3448
5.707 3448
5.75 3448
5.776 3447
5.813 3446
5.852 3445
5.905 3445
5.921 3445
5.926 3445
5.945 3445
5.981 3445
6.024 3444
6.048 3444
6.08 3444
6.113 3443
6.151 3443
6.157 3443
6.19 3443
6.233 3442
6.249 3442
6.251 3442
6.288 3442
6.312 3442
6.347 3441
6.387 3440
6.418 3440
6.446 3440
6.49 3440
6.519 3440
6.554 3440
6.562 3440
6.59 3440
6.608 3440
6.64 3440
6.665 3439
6.704 3439
6.725 3439
6.731 3439
6.75 3439
6.769 3439
6.801 3439
6.825 3439
6.851 3439
6.88 3439
6.914 3436
6.932 3436
6.958 3436
6.995 3436
7.024 3436
7.057 3435
7.088 3435
7.132 3435
7.161 3435
7.198 3435
7.237 3435
7.281 3435
7.285 3435
7.326 3435
7.351 3433
7.385 3433
7.411 3433
7.414 3433
7.446 3433
7.457 3433
7.489 3433
7.525 3433
7.561 3433
7.578 3433
7.597 3433
7.633 3433
7.668 3433
7.72 3433
7.748 3433
7.782 3433
7.811 3433
7.847 3433
7.875 3433
7.918 3433
7.97 3433
7.977 3433
7.998 3433
8.005 3433
8.043 3433
8.068 3433
8.1 3432
8.132 3432
8.176 3432
8.202 3432
8.224 3432
8.226 3432
8.264 3432
8.31 3432
8.331 3432
8.356 3432
8.385 3432
8.425 3432
8.466 3432
8.498 3432
8.527 3432
8.553 3432
8.592 3432
8.635 3432
8.653 3432
8.696 3432
8.726 3432
8.758 3432
8.801 3432
8.825 3432
8.828 3432
8.864 3432
8.897 3432
8.935 3432
8.971 3432
9 3431
9.021 3431
9.055 3430
9.087 3430
9.112 3430
9.144 3430
9.17 3430
9.193 3430
9.228 3430
9.26 3430
9.279 3430
9.302 3430
9.331 3430
9.355 3430
9.382 3430
9.419 3430
9.451 3430
9.474 3429
9.504 3429
9.549 3429
9.563 3429
9.589 3429
9.622 3429
9.66 3429
9.683 3429
9.703 3429
9.741 3429
9.764 3429
9.8 3429
9.836 3429
9.877 3429
9.907 3429
9.941 3429
9.962 3428
9.99 3428
