0 3799
0.136 3703
0.261 3671
0.456 3650
0.583 3644
0.759 3633
0.937 3624
1.09 3624
1.263 3601
1.384 3601
1.575 3581
1.841 3569
2.059 3569
2.196 3568
2.364 3561
2.564 3555
2.826 3545
2.944 3545
3.16 3535
3.263 3532
3.487 3529
3.707 3526
3.773 3526
3.94 3526
4.117 3525
4.288 3522
4.444 3516
4.649 3516
4.77 3515
5.016 3508
5.182 3505
5.425 3505
5.575 3505
5.802 3502
6.3 3494
6.646 3494
6.859 3494
7.062 3493
7.252 3493
7.395 3493
7.599 3493
7.747 3493
7.943 3490
8.153 3490
8.315 3489
8.477 3484
8.584 3481
8.774 3481
8.984 3481
9.202 3480
9.318 3480
9.475 3480
9.561 3480
9.8 3477
9.929 3477
10.048 3477
