0 3800
0.119 3704
0.24 3668
0.328 3652
0.393 3630
0.511 3617
0.593 3617
0.682 3613
0.793 3608
0.856 3608
0.995 3595
1.076 3578
1.189 3572
1.343 3568
1.484 3564
1.572 3564
1.682 3564
1.762 3564
1.881 3554
1.964 3543
2.051 3543
2.192 3532
2.325 3528
2.399 3528
2.524 3528
2.651 3528
2.775 3528
2.886 3526
2.969 3526
3.101 3524
3.205 3518
3.329 3517
3.435 3515
3.531 3515
3.598 3512
3.751 3508
3.884 3508
4 3507
4.148 3507
4.207 3505
4.267 3505
4.383 3501
4.473 3500
4.573 3500
4.674 3496
4.793 3496
4.828 3496
4.967 3496
5.108 3492
5.238 3491
5.341 3491
5.376 3491
5.482 3491
5.652 3491
5.749 3488
5.843 3485
5.876 3485
5.971 3485
6.051 3485
6.13 3485
6.228 3485
6.385 3483
6.483 3483
6.59 3483
6.673 3483
6.732 3483
6.821 3483
6.895 3482
6.985 3482
7.101 3482
7.224 3479
7.319 3479
7.468 3479
7.572 3478
7.758 3477
7.87 3476
7.969 3470
8.075 3470
8.192 3470
8.296 3470
8.365 3470
8.472 3470
8.591 3470
8.729 3469
8.883 3468
8.959 3468
9.123 3468
9.165 3468
9.34 3467
9.378 3466
9.474 3465
9.563 3464
9.68 3464
9.795 3464
9.944 3464
10.1 3461
