0 3789
0.03 3596
0.092 3466
0.124 3401
0.145 3354
0.175 3297
0.197 3259
0.228 3259
0.249 3241
0.296 3241
0.322 3231
0.363 3213
0.422 3178
0.439 3166
0.464 3166
0.492 3160
0.523 3156
0.546 3151
0.565 3151
0.626 3139
0.65 3133
0.674 3132
0.692 3130
0.707 3120
0.722 3120
0.772 3106
0.816 3106
0.842 3105
0.878 3099
0.908 3094
0.943 3094
0.963 3092
1.002 3089
1.022 3085
1.047 3085
1.087 3076
1.133 3074
1.146 3074
1.178 3067
1.197 3065
1.207 3064
1.25 3064
1.287 3063
1.349 3062
1.396 3059
1.416 3059
1.451 3056
1.476 3056
1.478 3056
1.498 3055
1.544 3049
1.576 3049
1.598 3049
1.609 3049
1.621 3048
1.641 3045
1.668 3045
1.689 3045
1.724 3045
1.762 3045
1.792 3044
1.846 3039
1.863 3038
1.915 3038
1.941 3036
1.975 3033
1.996 3031
2.032 3029
2.049 3029
2.065 3029
2.097 3029
2.115 3025
2.133 3025
2.146 3025
2.164 3025
2.181 3025
2.242 3025
2.299 3024
2.319 3024
2.334 3023
2.353 3023
2.413 3018
2.43 3013
2.477 3011
2.5 3011
2.546 3011
2.594 3006
2.62 3006
2.65 3006
2.68 3006
2.72 3005
2.745 3005
2.781 3005
2.807 3005
2.819 3005
2.844 3004
2.865 3004
2.899 3004
2.932 3004
2.951 3004
3.002 3003
3.023 3002
3.04 3002
3.056 3002
3.082 3002
3.108 3002
3.139 3002
3.165 3002
3.18 3002
3.221 3002
3.243 3001
3.257 3001
3.271 3001
3.309 3000
3.349 2998
3.398 2998
3.433 2998
3.469 2998
3.483 2998
3.495 2998
3.525 2998
3.57 2998
3.587 2997
3.616 2994
3.637 2992
3.659 2992
3.699 2992
3.731 2992
3.734 2992
3.787 2992
3.798 2992
3.819 2992
3.862 2992
3.896 2992
3.947 2992
3.975 2990
4.015 2990
4.054 2988
4.073 2988
4.101 2988
4.127 2988
4.149 2987
4.171 2987
4.195 2987
4.208 2987
4.243 2987
4.261 2987
4.282 2987
4.305 2987
4.335 2987
4.359 2987
4.406 2987
4.416 2987
4.438 2987
4.458 2987
4.514 2987
4.528 2987
4.551 2987
4.584 2987
4.621 2987
4.631 2987
4.645 2985
4.668 2985
4.684 2985
4.702 2985
4.724 2985
4.741 2985
4.762 2985
4.8 2985
4.819 2985
4.823 2985
4.841 2985
4.859 2985
4.911 2985
4.931 2985
4.95 2985
4.967 2984
4.993 2984
5.045 2984
5.078 2984
5.11 2984
5.132 2982
5.148 2982
5.167 2982
5.199 2982
5.242 2982
5.26 2982
5.301 2982
5.331 2982
5.35 2982
5.369 2982
5.422 2982
5.438 2982
5.462 2982
5.486 2982
5.496 2982
5.527 2982
5.551 2982
5.592 2981
5.613 2981
5.661 2981
5.701 2980
5.723 2980
5.741 2980
5.797 2980
5.832 2980
5.859 2980
5.884 2980
5.932 2980
5.947 2980
5.962 2980
6 2980
6.042 2979
6.074 2979
6.102 2979
6.129 2979
6.18 2979
6.193 2979
6.227 2979
6.243 2977
6.267 2977
6.294 2977
6.341 2977
6.362 2977
6.422 2977
6.433 2977
6.445 2977
6.464 2977
6.478 2977
6.533 2977
6.536 2977
6.587 2977
6.617 2977
6.628 2977
6.64 2977
6.686 2976
6.712 2976
6.724 2976
6.751 2975
6.773 2975
6.781 2975
6.836 2975
6.879 2975
6.905 2975
6.924 2974
6.944 2974
6.976 2974
6.996 2974
7.011 2974
7.027 2974
7.069 2974
7.079 2974
7.131 2972
7.161 2972
7.191 2972
7.237 2972
7.252 2972
7.282 2972
7.293 2972
7.345 2972
7.365 2972
7.394 2972
7.407 2972
7.442 2972
7.458 2972
7.485 2972
7.503 2972
7.521 2972
7.558 2972
7.58 2972
7.633 2972
7.675 2972
7.717 2972
7.744 2972
7.796 2972
7.832 2971
7.879 2971
7.898 2971
7.924 2971
7.961 2971
7.994 2971
8.012 2971
8.034 2971
8.047 2971
8.091 2971
8.107 2971
8.13 2971
8.164 2971
8.189 2971
8.209 2971
8.237 2970
8.271 2970
8.303 2970
8.319 2970
8.344 2970
8.367 2970
8.383 2970
8.419 2970
8.444 2970
8.473 2970
8.49 2970
8.518 2970
8.534 2970
8.565 2970
8.593 2969
8.646 2969
8.667 2969
8.682 2969
8.703 2969
8.712 2969
8.722 2969
8.764 2969
8.786 2969
8.812 2969
8.837 2969
8.888 2969
8.928 2969
8.951 2969
8.968 2969
8.971 2969
8.991 2969
9.011 2969
9.038 2969
9.063 2969
9.076 2969
9.105 2969
9.119 2969
9.14 2969
9.163 2969
9.194 2969
9.222 2969
9.244 2969
9.261 2969
9.29 2969
9.328 2969
9.347 2969
9.365 2969
9.403 2969
9.426 2969
9.436 2969
9.452 2969
9.492 2968
9.511 2968
9.531 2968
9.541 2968
9.566 2968
9.618 2968
9.661 2968
9.677 2968
9.696 2968
9.708 2968
9.739 2968
9.762 2968
9.785 2968
9.837 2967
9.873 2967
9.925 2967
9.955 2967
10.009 2967
