0 3789
0.037 3596
0.107 3461
0.14 3385
0.173 3354
0.186 3318
0.21 3277
0.243 3277
0.287 3265
0.307 3247
0.356 3221
0.381 3221
0.421 3221
0.471 3200
0.524 3182
0.551 3182
0.578 3168
0.614 3158
0.638 3158
0.67 3153
0.699 3153
0.73 3147
0.757 3147
0.804 3147
0.838 3146
0.866 3138
0.878 3128
0.91 3128
0.937 3124
0.97 3124
1.003 3118
1.036 3118
1.093 3118
1.122 3105
1.143 3101
1.172 3101
1.192 3101
1.222 3101
1.256 3101
1.282 3097
1.32 3091
1.346 3091
1.383 3091
1.405 3083
1.473 3081
1.506 3075
1.534 3075
1.563 3074
1.597 3066
1.607 3066
1.635 3065
1.675 3065
1.7 3065
1.757 3064
1.787 3063
1.836 3054
1.88 3047
1.904 3044
1.946 3044
1.979 3044
2.04 3043
2.098 3039
2.116 3039
2.132 3038
2.161 3038
2.186 3038
2.206 3038
2.24 3035
2.286 3033
2.337 3031
2.386 3031
2.402 3031
2.456 3030
2.486 3025
2.542 3025
2.582 3024
2.65 3024
2.687 3024
2.715 3020
2.767 3020
2.792 3019
2.847 3017
2.898 3017
2.926 3017
2.976 3017
3.026 3011
3.073 3011
3.129 3011
3.161 3009
3.214 3006
3.272 3006
3.316 3005
3.349 3005
3.384 3005
3.407 3005
3.434 3005
3.469 3005
3.504 3005
3.535 3005
3.582 3004
3.611 3004
3.646 3003
3.704 3003
3.749 3003
3.777 3003
3.801 3003
3.831 3003
3.856 3003
3.875 3001
3.919 2999
3.934 2999
3.953 2999
3.981 2998
4.006 2998
4.056 2998
4.104 2998
4.158 2995
4.177 2995
4.206 2995
4.249 2995
4.297 2988
4.317 2988
4.353 2988
4.373 2988
4.423 2988
4.45 2988
4.511 2988
4.54 2988
4.558 2988
4.616 2988
4.647 2988
4.669 2988
4.718 2988
4.748 2988
4.809 2988
4.837 2988
4.875 2988
4.903 2988
4.928 2988
4.947 2988
4.973 2988
5.009 2988
5.061 2988
5.086 2988
5.13 2988
5.171 2988
5.192 2988
5.214 2988
5.257 2987
5.307 2987
5.341 2987
5.37 2985
5.401 2985
5.421 2985
5.442 2982
5.463 2982
5.489 2981
5.51 2980
5.533 2980
5.586 2980
5.615 2980
5.647 2980
5.673 2980
5.706 2980
5.724 2980
5.767 2980
5.827 2980
5.861 2980
5.886 2980
5.906 2980
5.931 2980
5.951 2980
5.986 2980
6.02 2980
6.053 2980
6.08 2980
6.123 2980
6.146 2980
6.209 2980
6.248 2980
6.279 2980
6.312 2980
6.339 2980
6.357 2980
6.399 2980
6.438 2980
6.489 2980
6.536 2980
6.561 2980
6.593 2980
6.628 2980
6.679 2980
6.699 2980
6.751 2979
6.804 2979
6.842 2979
6.853 2979
6.896 2979
6.925 2977
6.95 2977
6.995 2977
7.07 2977
7.099 2977
7.123 2977
7.174 2977
7.234 2976
7.266 2976
7.295 2976
7.353 2976
7.392 2975
7.418 2975
7.438 2975
7.468 2975
7.491 2975
7.51 2975
7.55 2975
7.594 2975
7.614 2975
7.658 2975
7.698 2975
7.723 2975
7.788 2975
7.808 2975
7.84 2974
7.872 2974
7.916 2974
7.944 2974
7.966 2974
7.995 2974
8.022 2974
8.076 2973
8.109 2973
8.147 2973
8.179 2973
8.211 2973
8.241 2973
8.281 2973
8.29 2973
8.319 2973
8.335 2973
8.358 2973
8.374 2973
8.388 2973
8.437 2973
8.451 2973
8.476 2973
8.519 2973
8.544 2973
8.605 2973
8.636 2973
8.656 2973
8.673 2973
8.7 2973
8.737 2973
8.752 2973
8.781 2973
8.808 2973
8.851 2973
8.882 2973
8.918 2973
8.969 2973
8.995 2973
9.027 2973
9.058 2973
9.116 2973
9.167 2971
9.189 2971
9.242 2971
9.268 2971
9.285 2971
9.326 2971
9.362 2971
9.421 2971
9.444 2971
9.472 2971
9.494 2971
9.512 2971
9.556 2969
9.567 2969
9.626 2969
9.658 2969
9.715 2969
9.746 2969
9.793 2969
9.816 2969
9.854 2969
9.873 2969
9.892 2969
9.924 2969
9.949 2969
9.975 2969
