0 3788
0.073 3604
0.146 3476
0.221 3474
0.303 3387
0.369 3357
0.43 3306
0.512 3291
0.585 3259
0.668 3258
0.727 3237
0.776 3237
0.832 3219
0.906 3218
0.955 3217
1.038 3200
1.074 3194
1.125 3181
1.244 3169
1.304 3164
1.376 3164
1.496 3154
1.574 3154
1.616 3154
1.691 3150
1.737 3132
1.827 3132
1.911 3132
1.988 3115
2.091 3112
2.163 3105
2.216 3105
2.295 3104
2.336 3104
2.416 3101
2.456 3101
2.536 3096
2.598 3096
2.663 3095
2.754 3094
2.82 3088
2.886 3088
2.974 3083
3.038 3080
3.094 3080
3.155 3078
3.221 3078
3.269 3077
3.337 3077
3.421 3074
3.497 3068
3.562 3067
3.613 3066
3.689 3066
3.756 3061
3.828 3061
3.9 3053
3.955 3051
4.006 3051
4.05 3051
4.105 3051
4.167 3051
4.232 3051
4.28 3048
4.364 3046
4.422 3044
4.524 3044
4.578 3044
4.644 3044
4.722 3037
4.792 3037
4.877 3037
4.911 3036
4.966 3036
5.084 3034
5.187 3033
5.267 3032
5.311 3030
5.344 3030
5.429 3029
5.517 3029
5.586 3028
5.628 3027
5.671 3027
5.737 3026
5.796 3026
5.889 3026
5.957 3025
6.012 3025
6.059 3025
6.126 3025
6.189 3022
6.238 3022
6.302 3021
6.379 3019
6.404 3019
6.458 3019
6.507 3019
6.555 3014
6.627 3014
6.685 3014
6.761 3014
6.824 3014
6.851 3013
6.908 3013
6.979 3013
7.071 3013
7.125 3013
7.214 3013
7.23 3013
7.302 3009
7.371 3009
7.425 3009
7.49 3009
7.547 3005
7.607 3005
7.651 3005
7.732 3005
7.79 3005
7.847 3005
7.894 3005
7.962 3005
8.021 3005
8.093 3005
8.147 3005
8.211 3005
8.238 3005
8.271 3005
8.346 3005
8.401 3005
8.46 3005
8.52 3002
8.594 3002
8.707 3002
8.778 3002
8.805 3002
8.896 3002
8.949 3002
9.002 3002
9.086 3001
9.114 3001
9.2 3000
9.237 2998
9.291 2998
9.353 2998
9.42 2998
9.494 2998
9.541 2998
9.586 2998
9.65 2998
9.717 2998
9.749 2998
9.796 2992
9.874 2992
9.942 2992
9.991 2992
