0 3801
0.057 3586
0.119 3480
0.175 3379
0.221 3379
0.261 3340
0.337 3326
0.376 3310
0.412 3284
0.476 3254
0.535 3244
0.576 3220
0.619 3207
0.651 3207
0.678 3207
0.717 3197
0.764 3197
0.815 3185
0.889 3164
0.93 3157
0.987 3150
1.039 3139
1.077 3134
1.106 3134
1.144 3134
1.169 3134
1.196 3128
1.235 3128
1.272 3124
1.303 3124
1.367 3122
1.432 3122
1.491 3115
1.523 3107
1.573 3107
1.606 3106
1.648 3106
1.703 3105
1.76 3097
1.828 3094
1.866 3087
1.908 3080
1.948 3080
1.989 3080
2.031 3079
2.075 3079
2.138 3071
2.191 3071
2.236 3071
2.282 3069
2.35 3060
2.408 3058
2.447 3058
2.5 3058
2.541 3056
2.578 3056
2.625 3049
2.663 3049
2.695 3049
2.737 3049
2.785 3048
2.819 3048
2.854 3048
2.888 3048
2.935 3039
2.973 3039
3.052 3039
3.111 3039
3.143 3039
3.21 3039
3.274 3039
3.315 3038
3.356 3037
3.386 3036
3.463 3023
3.518 3023
3.565 3023
3.592 3023
3.667 3023
3.709 3023
3.742 3023
3.795 3023
3.825 3023
3.867 3022
3.93 3022
3.955 3022
3.991 3022
4.048 3021
4.103 3021
4.16 3019
4.199 3019
4.252 3016
4.289 3016
4.333 3016
4.371 3016
4.434 3016
4.499 3014
4.544 3014
4.572 3014
4.597 3014
4.626 3014
4.66 3014
4.731 3014
4.753 3014
4.795 3011
4.855 3011
4.888 3011
4.924 3010
4.955 3010
4.986 3010
5.037 3010
5.114 3008
5.154 3007
5.2 3007
5.262 3007
5.323 3007
5.363 3007
5.409 3007
5.468 3007
5.502 3001
5.55 3001
5.577 3001
5.602 3000
5.668 2998
5.7 2998
5.728 2998
5.783 2998
5.809 2998
5.845 2998
5.91 2998
5.971 2998
6 2998
6.032 2998
6.082 2998
6.119 2997
6.166 2997
6.239 2995
6.308 2995
6.342 2995
6.371 2995
6.412 2993
6.447 2993
6.474 2993
6.545 2993
6.614 2993
6.668 2991
6.704 2990
6.733 2990
6.763 2990
6.803 2990
6.849 2990
6.902 2990
6.93 2990
6.957 2990
7.002 2988
7.046 2988
7.092 2988
7.117 2988
7.177 2988
7.225 2988
7.253 2988
7.316 2988
7.373 2988
7.445 2988
7.483 2988
7.544 2988
7.571 2988
7.601 2988
7.632 2988
7.669 2988
7.695 2988
7.731 2988
7.794 2988
7.818 2988
7.9 2988
7.934 2988
7.976 2988
8.007 2987
8.045 2986
8.079 2986
8.119 2986
8.151 2986
8.21 2985
8.233 2985
8.274 2985
8.304 2985
8.341 2985
8.4 2985
8.439 2985
8.475 2985
8.504 2985
8.527 2985
8.572 2985
8.656 2985
8.709 2985
8.746 2985
8.792 2985
8.827 2985
8.854 2984
8.907 2984
8.965 2984
8.985 2984
9.048 2984
9.082 2984
9.113 2984
9.159 2984
9.194 2984
9.246 2984
9.286 2984
9.315 2982
9.373 2982
9.415 2982
9.443 2982
9.506 2982
9.537 2982
9.588 2982
9.644 2981
9.701 2981
9.714 2981
9.769 2981
9.833 2981
9.868 2980
9.902 2980
9.958 2978
9.985 2978
