0 3801
0.029 3596
0.088 3473
0.127 3396
0.16 3396
0.189 3348
0.232 3337
0.266 3302
0.302 3263
0.344 3237
0.376 3234
0.394 3216
0.425 3207
0.455 3193
0.495 3167
0.543 3164
0.574 3153
0.596 3153
0.639 3152
0.657 3152
0.686 3152
0.716 3141
0.769 3139
0.804 3135
0.852 3134
0.883 3130
0.919 3124
0.965 3124
1.024 3111
1.069 3111
1.11 3109
1.133 3104
1.19 3100
1.227 3098
1.265 3097
1.303 3089
1.351 3089
1.372 3085
1.401 3080
1.433 3080
1.5 3077
1.535 3075
1.572 3074
1.609 3068
1.675 3062
1.706 3062
1.729 3062
1.788 3056
1.809 3056
1.837 3055
1.856 3054
1.884 3051
1.911 3051
1.945 3051
1.958 3051
1.984 3051
2.029 3051
2.039 3051
2.056 3051
2.094 3051
2.126 3051
2.144 3046
2.172 3046
2.19 3046
2.227 3046
2.247 3046
2.268 3043
2.306 3042
2.332 3042
2.354 3036
2.4 3036
2.442 3036
2.475 3036
2.519 3036
2.542 3036
2.59 3036
2.616 3036
2.656 3032
2.678 3031
2.748 3031
2.826 3031
2.9 3029
2.946 3029
3.009 3029
3.082 3029
3.147 3029
3.183 3028
3.218 3026
3.242 3026
3.26 3023
3.304 3023
3.348 3023
3.387 3023
3.455 3022
3.49 3021
3.561 3021
3.635 3013
3.67 3013
3.7 3013
3.74 3013
3.773 3013
3.805 3013
3.835 3013
3.891 3013
3.935 3013
4.001 3010
4.058 3010
4.086 3010
4.118 3010
4.167 3010
4.211 3010
4.232 3010
4.267 3010
4.296 3010
4.315 3010
4.355 3010
4.396 3006
4.426 3006
4.492 3006
4.525 3006
4.564 3005
4.595 3005
4.625 3005
4.66 3005
4.734 3005
4.79 3000
4.821 3000
4.867 3000
4.903 3000
4.914 3000
4.934 3000
4.965 3000
5.003 3000
5.028 3000
5.056 3000
5.088 3000
5.106 3000
5.141 2998
5.171 2998
5.209 2998
5.25 2998
5.277 2998
5.297 2998
5.33 2998
5.364 2998
5.421 2998
5.454 2998
5.487 2998
5.528 2998
5.559 2998
5.582 2998
5.633 2998
5.66 2998
5.689 2998
5.727 2998
5.756 2997
5.778 2997
5.827 2997
5.85 2997
5.888 2996
5.916 2993
5.936 2993
5.966 2993
5.993 2993
6.07 2993
6.157 2993
6.2 2993
6.232 2993
6.276 2993
6.316 2993
6.334 2993
6.382 2992
6.431 2992
6.462 2992
6.505 2992
6.528 2992
6.548 2991
6.594 2991
6.622 2991
6.652 2991
6.668 2991
6.692 2991
6.728 2990
6.765 2990
6.806 2990
6.871 2989
6.896 2989
6.922 2989
6.94 2988
6.956 2988
7.003 2988
7.053 2988
7.112 2988
7.183 2988
7.21 2988
7.28 2988
7.303 2988
7.34 2988
7.361 2988
7.409 2988
7.43 2988
7.448 2988
7.473 2986
7.505 2986
7.549 2986
7.566 2986
7.581 2986
7.613 2986
7.647 2986
7.711 2984
7.74 2984
7.769 2984
7.785 2984
7.805 2984
7.842 2983
7.917 2983
7.968 2983
8.002 2983
8.041 2983
8.059 2983
8.076 2983
8.121 2983
8.146 2981
8.163 2981
8.183 2981
8.227 2981
8.258 2981
8.323 2981
8.376 2981
8.414 2981
8.434 2981
8.459 2981
8.496 2981
8.516 2981
8.553 2981
8.584 2981
8.601 2981
8.643 2981
8.659 2981
8.685 2981
8.733 2980
8.759 2980
8.791 2980
8.842 2980
8.882 2980
8.907 2980
8.93 2980
8.971 2980
8.984 2977
9.04 2977
9.081 2977
9.093 2977
9.137 2977
9.16 2977
9.194 2976
9.234 2976
9.259 2976
9.286 2976
9.306 2976
9.319 2976
9.349 2976
9.398 2976
9.431 2976
9.461 2976
9.484 2975
9.519 2975
9.582 2975
9.629 2975
9.661 2975
9.693 2975
9.732 2975
9.775 2975
9.794 2975
9.84 2975
9.872 2975
9.899 2975
9.926 2975
9.982 2975
