0 3783
0.075 3585
0.146 3478
0.221 3411
0.289 3389
0.383 3331
0.446 3331
0.529 3289
0.607 3267
0.647 3267
0.714 3250
0.782 3230
0.838 3210
0.911 3197
0.971 3197
1.027 3193
1.11 3179
1.176 3165
1.243 3165
1.309 3149
1.363 3149
1.432 3149
1.497 3145
1.581 3143
1.634 3135
1.705 3134
1.812 3116
1.909 3116
1.972 3113
2.035 3108
2.078 3108
2.144 3106
2.22 3101
2.281 3101
2.332 3099
2.397 3086
2.456 3086
2.56 3086
2.659 3082
2.72 3082
2.789 3082
2.852 3081
2.911 3080
3.009 3068
3.07 3068
3.141 3066
3.204 3063
3.265 3063
3.329 3059
3.393 3057
3.49 3055
3.567 3052
3.602 3052
3.656 3048
3.719 3048
3.767 3048
3.85 3047
3.904 3043
4.028 3042
4.077 3041
4.142 3041
4.187 3041
4.219 3041
4.302 3039
4.363 3036
4.428 3035
4.503 3035
4.562 3031
4.614 3031
4.659 3031
4.716 3023
4.772 3023
4.808 3023
4.88 3023
4.972 3023
5.039 3023
5.094 3023
5.18 3023
5.219 3023
5.292 3022
5.343 3022
5.423 3015
5.465 3012
5.538 3012
5.603 3012
5.67 3012
5.753 3010
5.797 3010
5.852 3010
5.912 3010
5.972 3010
6.057 3010
6.129 3010
6.178 3010
6.221 3010
6.264 3010
6.346 3010
6.402 3009
6.467 3009
6.519 3009
6.552 3009
6.637 3007
6.714 3006
6.753 3006
6.805 3006
6.854 3006
6.925 3005
6.974 3005
7.058 3000
7.121 3000
7.198 3000
7.3 2999
7.342 2997
7.386 2997
7.455 2997
7.53 2997
7.631 2996
7.717 2996
7.811 2995
7.863 2995
7.899 2994
7.967 2994
8.034 2993
8.127 2989
8.181 2989
8.25 2989
8.328 2989
8.402 2989
8.506 2988
8.546 2988
8.6 2984
8.667 2984
8.751 2984
8.818 2984
8.896 2983
8.987 2982
9.061 2982
9.115 2982
9.21 2980
9.27 2980
9.333 2979
9.388 2979
9.452 2977
9.526 2977
9.596 2977
9.666 2977
9.717 2977
9.773 2977
9.824 2977
9.875 2977
9.922 2977
9.961 2977
