0 3789
0.075 3584
0.148 3479
0.214 3399
0.299 3388
0.378 3348
0.465 3287
0.525 3270
0.617 3265
0.704 3231
0.765 3210
0.85 3201
0.922 3186
0.971 3186
1.049 3171
1.111 3160
1.186 3160
1.27 3148
1.324 3142
1.383 3136
1.454 3136
1.504 3132
1.566 3125
1.626 3114
1.714 3111
1.757 3111
1.79 3111
1.856 3107
1.93 3103
1.982 3102
2.067 3099
2.111 3099
2.173 3099
2.217 3097
2.311 3087
2.378 3087
2.442 3087
2.515 3087
2.581 3082
2.628 3082
2.709 3079
2.759 3076
2.834 3073
2.898 3068
2.962 3068
2.999 3067
3.044 3067
3.145 3056
3.239 3056
3.313 3056
3.359 3054
3.426 3054
3.518 3054
3.588 3053
3.641 3053
3.694 3051
3.778 3048
3.826 3046
3.875 3046
3.976 3045
4.054 3044
4.099 3044
4.143 3044
4.184 3044
4.228 3042
4.285 3042
4.317 3039
4.376 3030
4.416 3030
4.502 3030
4.59 3028
4.635 3028
4.689 3027
4.753 3027
4.83 3027
4.886 3025
4.959 3024
5.03 3023
5.066 3023
5.125 3023
5.17 3023
5.222 3023
5.298 3018
5.37 3018
5.426 3018
5.513 3018
5.608 3018
5.661 3017
5.71 3016
5.758 3016
5.793 3016
5.842 3016
5.913 3016
5.958 3016
6.027 3016
6.046 3016
6.107 3016
6.143 3016
6.212 3014
6.295 3014
6.371 3014
6.431 3011
6.47 3011
6.569 3008
6.624 3008
6.705 3004
6.787 3004
6.838 3004
6.914 2999
7.003 2999
7.067 2998
7.149 2998
7.189 2998
7.241 2998
7.28 2998
7.339 2995
7.408 2995
7.483 2995
7.54 2995
7.652 2994
7.721 2994
7.795 2994
7.871 2994
7.919 2994
7.983 2994
8.075 2991
8.118 2991
8.16 2991
8.242 2991
8.327 2991
8.365 2991
8.42 2991
8.497 2991
8.559 2991
8.631 2990
8.686 2990
8.788 2989
8.855 2988
8.941 2988
8.998 2988
9.04 2988
9.064 2988
9.125 2988
9.169 2988
9.219 2988
9.302 2988
9.358 2988
9.411 2983
9.453 2983
9.551 2983
9.596 2983
9.694 2983
9.728 2983
9.802 2983
9.874 2983
9.907 2983
9.967 2983
10.037 2983
