0 3801
0.076 3579
0.15 3470
0.205 3394
0.263 3345
0.35 3332
0.394 3302
0.461 3301
0.552 3267
0.606 3267
0.685 3234
0.76 3234
0.815 3220
0.888 3204
0.938 3204
1.017 3199
1.096 3182
1.18 3171
1.241 3171
1.322 3166
1.39 3148
1.477 3148
1.521 3141
1.627 3133
1.685 3133
1.745 3124
1.81 3111
1.871 3106
1.971 3099
2.019 3099
2.105 3095
2.161 3095
2.227 3095
2.278 3095
2.343 3088
2.406 3087
2.485 3087
2.551 3087
2.597 3083
2.675 3083
2.749 3081
2.797 3081
2.879 3078
2.94 3077
2.981 3075
3.073 3073
3.103 3073
3.148 3069
3.198 3069
3.32 3068
3.396 3063
3.467 3061
3.537 3060
3.601 3060
3.653 3057
3.717 3057
3.801 3057
3.864 3050
3.92 3050
3.978 3050
4.047 3049
4.112 3046
4.181 3046
4.221 3046
4.268 3046
4.33 3045
4.406 3039
4.462 3039
4.509 3039
4.563 3039
4.616 3039
4.695 3036
4.778 3036
4.836 3036
4.921 3036
4.965 3036
5.02 3034
5.098 3034
5.165 3031
5.243 3028
5.296 3028
5.386 3028
5.46 3028
5.495 3028
5.522 3028
5.587 3025
5.657 3025
5.725 3025
5.78 3022
5.845 3022
5.918 3022
5.979 3022
6.067 3020
6.127 3019
6.197 3019
6.273 3019
6.354 3019
6.427 3019
6.466 3014
6.527 3014
6.589 3014
6.65 3013
6.706 3013
6.751 3013
6.785 3013
6.846 3011
6.906 3011
6.971 3011
7.07 3010
7.125 3010
7.208 3010
7.297 3010
7.358 3010
7.408 3009
7.452 3009
7.524 3009
7.592 3009
7.626 3009
7.701 3009
7.782 3008
7.838 3008
7.906 3006
7.96 3006
8.004 3005
8.052 3005
8.095 3005
8.156 3005
8.187 3005
8.287 3005
8.33 3005
8.401 3005
8.501 3004
8.567 3004
8.621 3004
8.69 3004
8.731 3004
8.812 3003
8.882 2999
8.937 2999
9.012 2999
9.097 2999
9.145 2998
9.209 2997
9.257 2997
9.31 2995
9.353 2995
9.425 2995
9.468 2994
9.531 2994
9.616 2994
9.693 2994
9.749 2994
9.79 2994
9.837 2994
9.898 2993
9.963 2993
10.011 2993
