0 3783
0.041 3582
0.109 3455
0.146 3373
0.194 3332
0.225 3280
0.263 3280
0.311 3244
0.354 3234
0.388 3228
0.419 3217
0.475 3198
0.525 3197
0.566 3191
0.594 3191
0.623 3173
0.673 3172
0.721 3167
0.762 3164
0.817 3154
0.871 3133
0.904 3133
0.964 3128
0.994 3128
1.018 3124
1.038 3122
1.081 3098
1.097 3095
1.126 3095
1.155 3094
1.18 3094
1.208 3092
1.243 3092
1.279 3092
1.322 3078
1.356 3077
1.393 3077
1.426 3066
1.462 3066
1.494 3066
1.543 3066
1.582 3064
1.631 3058
1.674 3058
1.699 3056
1.73 3049
1.752 3049
1.779 3049
1.819 3049
1.857 3047
1.887 3047
1.91 3047
1.953 3046
1.975 3046
2.024 3044
2.074 3044
2.098 3034
2.135 3034
2.163 3034
2.184 3034
2.203 3034
2.225 3034
2.259 3033
2.271 3033
2.291 3033
2.323 3033
2.359 3029
2.387 3028
2.41 3028
2.433 3028
2.47 3028
2.5 3028
2.527 3028
2.542 3028
2.61 3025
2.636 3014
2.697 3014
2.724 3014
2.741 3014
2.764 3014
2.805 3014
2.827 3014
2.85 3014
2.876 3014
2.922 3014
2.961 3014
2.993 3014
3.015 3014
3.04 3013
3.069 3012
3.105 3011
3.131 3011
3.185 3011
3.22 3011
3.25 3008
3.293 3008
3.304 3008
3.324 3008
3.36 3008
3.388 3008
3.413 3008
3.43 3006
3.453 3006
3.492 3006
3.518 3006
3.546 3006
3.602 3005
3.626 3004
3.68 3004
3.701 3004
3.744 3003
3.791 3003
3.818 3002
3.858 2999
3.872 2999
3.911 2999
3.934 2999
3.957 2999
3.994 2998
4.045 2998
4.078 2998
4.101 2998
4.159 2994
4.179 2994
4.221 2993
4.259 2993
4.278 2992
4.297 2991
4.318 2991
4.345 2991
4.393 2991
4.41 2991
4.43 2991
4.495 2990
4.547 2989
4.586 2988
4.608 2987
4.625 2984
4.645 2984
4.7 2984
4.755 2984
4.798 2984
4.815 2984
4.836 2984
4.877 2984
4.9 2984
4.923 2984
4.963 2984
4.991 2984
5.011 2984
5.04 2984
5.087 2980
5.15 2980
5.187 2980
5.23 2980
5.275 2980
5.34 2980
5.375 2980
5.407 2980
5.427 2980
5.459 2980
5.489 2980
5.516 2978
5.548 2978
5.565 2978
5.6 2978
5.634 2978
5.659 2978
5.69 2978
5.726 2978
5.77 2978
5.792 2978
5.834 2978
5.868 2978
5.935 2978
5.993 2978
6.036 2978
6.056 2977
6.109 2977
6.139 2977
6.172 2977
6.206 2977
6.236 2977
6.265 2977
6.299 2977
6.312 2977
6.331 2977
6.364 2977
6.384 2976
6.399 2976
6.414 2976
6.431 2976
6.457 2976
6.49 2976
6.506 2976
6.541 2976
6.611 2975
6.627 2975
6.672 2974
6.696 2974
6.732 2974
6.762 2974
6.828 2974
6.856 2974
6.872 2974
6.893 2974
6.903 2974
6.94 2974
6.964 2974
6.994 2973
7.02 2973
7.076 2973
7.125 2973
7.157 2973
7.205 2972
7.219 2972
7.239 2972
7.275 2972
7.293 2971
7.342 2971
7.373 2971
7.404 2971
7.415 2971
7.463 2971
7.487 2971
7.521 2971
7.574 2970
7.592 2970
7.647 2970
7.686 2969
7.698 2969
7.725 2969
7.764 2969
7.792 2969
7.849 2969
7.879 2969
7.915 2969
7.965 2968
8.006 2968
8.029 2968
8.089 2968
8.162 2968
8.189 2967
8.221 2967
8.244 2967
8.303 2967
8.338 2967
8.367 2967
8.392 2967
8.412 2967
8.432 2967
8.486 2967
8.496 2967
8.524 2967
8.54 2967
8.562 2967
8.581 2966
8.601 2966
8.655 2966
8.668 2966
8.693 2966
8.717 2966
8.752 2966
8.776 2966
8.83 2966
8.857 2966
8.894 2966
8.92 2966
8.943 2966
8.997 2966
9.018 2966
9.058 2966
9.092 2966
9.136 2966
9.196 2966
9.241 2966
9.268 2966
9.338 2966
9.398 2966
9.429 2966
9.468 2966
9.486 2966
9.52 2966
9.538 2965
9.576 2965
9.608 2965
9.653 2965
9.674 2964
9.704 2964
9.733 2964
9.762 2964
9.786 2964
9.819 2964
9.835 2964
9.895 2964
9.923 2964
9.941 2964
9.983 2964
10.017 2964
