0 3783
0.038 3582
0.108 3468
0.162 3391
0.205 3389
0.254 3357
0.295 3310
0.336 3310
0.377 3284
0.422 3263
0.469 3245
0.508 3227
0.547 3227
0.607 3223
0.644 3218
0.69 3191
0.743 3191
0.804 3167
0.843 3162
0.872 3162
0.911 3162
0.94 3160
0.996 3155
1.031 3147
1.071 3142
1.107 3139
1.153 3139
1.184 3139
1.222 3139
1.276 3115
1.313 3113
1.38 3111
1.428 3108
1.478 3101
1.554 3095
1.599 3092
1.633 3092
1.681 3092
1.719 3091
1.749 3091
1.779 3085
1.822 3085
1.857 3076
1.905 3076
1.949 3070
2.011 3070
2.071 3069
2.128 3066
2.183 3066
2.215 3066
2.253 3066
2.33 3059
2.367 3057
2.42 3057
2.45 3057
2.494 3057
2.535 3044
2.58 3044
2.635 3044
2.666 3044
2.716 3044
2.78 3044
2.825 3044
2.887 3044
2.913 3042
2.938 3040
2.977 3040
3.015 3039
3.064 3037
3.102 3037
3.15 3031
3.192 3031
3.27 3031
3.327 3030
3.359 3030
3.41 3030
3.451 3029
3.482 3029
3.542 3029
3.616 3029
3.655 3025
3.697 3025
3.764 3023
3.832 3023
3.874 3023
3.946 3016
3.979 3016
4.03 3016
4.078 3015
4.139 3015
4.207 3008
4.249 3008
4.324 3008
4.349 3008
4.388 3008
4.438 3008
4.48 3008
4.502 3008
4.53 3008
4.56 3008
4.624 3006
4.676 3002
4.721 3001
4.761 3001
4.794 3001
4.819 3001
4.847 3001
4.902 3001
4.925 3001
4.974 3001
5.019 2999
5.046 2999
5.075 2999
5.148 2999
5.182 2999
5.21 2997
5.259 2997
5.312 2997
5.358 2996
5.402 2996
5.428 2996
5.462 2996
5.501 2996
5.531 2996
5.573 2996
5.616 2996
5.649 2996
5.697 2996
5.737 2994
5.764 2994
5.812 2994
5.844 2992
5.879 2992
5.92 2992
5.968 2992
6.014 2991
6.048 2991
6.099 2991
6.132 2991
6.164 2991
6.222 2991
6.249 2991
6.289 2991
6.329 2991
6.362 2991
6.398 2991
6.442 2991
6.498 2991
6.545 2988
6.595 2988
6.645 2988
6.692 2988
6.754 2987
6.782 2987
6.825 2987
6.876 2987
6.919 2987
6.957 2987
6.998 2987
7.027 2987
7.096 2985
7.175 2985
7.213 2983
7.258 2983
7.282 2983
7.326 2983
7.353 2983
7.387 2983
7.406 2983
7.469 2983
7.526 2983
7.584 2983
7.619 2983
7.655 2983
7.725 2983
7.766 2981
7.803 2981
7.869 2980
7.907 2980
7.945 2980
8.011 2979
8.065 2979
8.105 2978
8.134 2978
8.187 2978
8.233 2978
8.257 2976
8.284 2976
8.339 2976
8.404 2976
8.471 2976
8.504 2976
8.57 2975
8.617 2975
8.663 2975
8.715 2974
8.756 2974
8.804 2974
8.868 2974
8.904 2974
8.986 2972
9.051 2972
9.094 2972
9.125 2972
9.169 2972
9.194 2972
9.24 2971
9.282 2971
9.316 2971
9.346 2971
9.422 2971
9.465 2971
9.51 2971
9.573 2971
9.604 2971
9.635 2971
9.688 2971
9.745 2970
9.782 2970
9.86 2970
9.888 2970
9.92 2970
9.968 2970
9.99 2970
10.032 2970
