0 3819
0.052 3595
0.127 3488
0.159 3432
0.191 3410
0.249 3328
0.317 3328
0.364 3297
0.436 3277
0.479 3247
0.517 3247
0.572 3223
0.625 3212
0.67 3199
0.726 3197
0.788 3178
0.827 3169
0.862 3163
0.895 3163
0.924 3151
0.958 3151
1.024 3151
1.069 3120
1.099 3120
1.141 3120
1.173 3118
1.207 3118
1.246 3118
1.283 3113
1.32 3113
1.356 3113
1.399 3113
1.428 3113
1.481 3113
1.591 3111
1.631 3104
1.671 3102
1.727 3098
1.779 3093
1.838 3089
1.901 3087
1.942 3087
1.978 3084
2.014 3082
2.04 3076
2.075 3076
2.123 3076
2.162 3076
2.209 3075
2.24 3075
2.299 3072
2.357 3048
2.392 3048
2.429 3046
2.489 3046
2.531 3046
2.599 3046
2.655 3046
2.709 3046
2.765 3043
2.822 3043
2.89 3043
2.921 3041
2.953 3041
3.014 3041
3.053 3040
3.09 3040
3.126 3037
3.177 3037
3.214 3035
3.272 3034
3.319 3034
3.392 3033
3.469 3033
3.514 3025
3.567 3025
3.631 3025
3.691 3025
3.736 3025
3.798 3025
3.893 3025
4.011 3021
4.126 3021
4.176 3018
4.214 3018
4.303 3018
4.402 3014
4.456 3014
4.499 3014
4.571 3014
4.616 3014
4.676 3014
4.732 3014
4.775 3014
4.837 3014
4.867 3014
4.927 3013
4.98 3010
5.023 3009
5.062 3009
5.103 3009
5.13 3008
5.17 3008
5.232 3008
5.25 3008
5.273 3008
5.3 3008
5.321 3008
5.359 3008
5.401 3008
5.469 3008
5.499 3008
5.549 3008
5.609 3008
5.667 3006
5.726 3006
5.754 3006
5.803 3006
5.833 3006
5.888 3006
5.947 3005
5.98 3003
6.022 3003
6.077 3003
6.098 3003
6.16 3001
6.218 3001
6.293 3001
6.329 3001
6.381 3001
6.436 3001
6.468 3001
6.551 2998
6.574 2998
6.627 2998
6.674 2998
6.735 2998
6.762 2998
6.795 2998
6.859 2995
6.886 2995
6.921 2994
6.96 2994
7.03 2994
7.069 2994
7.086 2994
7.13 2994
7.181 2994
7.214 2994
7.265 2994
7.292 2992
7.32 2992
7.37 2992
7.429 2992
7.461 2992
7.534 2992
7.582 2992
7.61 2992
7.642 2992
7.689 2991
7.736 2991
7.796 2991
7.831 2989
7.872 2989
7.909 2988
7.956 2988
8.025 2988
8.062 2988
8.125 2988
8.172 2988
8.202 2988
8.236 2988
8.281 2988
8.317 2988
8.377 2987
8.436 2987
8.475 2986
8.531 2986
8.596 2986
8.653 2986
8.729 2985
8.794 2985
8.831 2985
8.874 2985
8.902 2985
8.924 2985
8.978 2985
9.041 2985
9.079 2985
9.117 2984
9.189 2981
9.23 2981
9.267 2981
9.303 2981
9.331 2981
9.393 2981
9.427 2981
9.494 2981
9.542 2981
9.576 2981
9.624 2981
9.656 2980
9.69 2980
9.73 2980
9.771 2980
9.81 2980
9.878 2980
9.908 2980
9.95 2980
9.985 2980
