0 3788
0.032 3601
0.099 3482
0.135 3412
0.182 3341
0.227 3305
0.256 3305
0.297 3277
0.336 3250
0.351 3244
0.379 3240
0.403 3229
0.415 3212
0.45 3211
0.474 3211
0.49 3208
0.509 3187
0.526 3176
0.549 3171
0.592 3171
0.614 3171
0.654 3162
0.677 3159
0.728 3152
0.762 3142
0.784 3129
0.814 3122
0.825 3122
0.855 3122
0.901 3122
0.925 3121
0.955 3113
0.998 3111
1.022 3106
1.068 3101
1.088 3097
1.109 3094
1.122 3094
1.155 3094
1.176 3094
1.198 3094
1.217 3087
1.234 3087
1.271 3087
1.288 3085
1.315 3084
1.333 3082
1.365 3082
1.388 3076
1.413 3076
1.455 3073
1.485 3073
1.525 3073
1.559 3069
1.584 3069
1.602 3068
1.615 3067
1.633 3066
1.676 3066
1.688 3066
1.708 3066
1.725 3062
1.759 3057
1.783 3057
1.801 3057
1.82 3057
1.835 3057
1.863 3054
1.9 3054
1.937 3054
1.977 3051
1.995 3048
2.025 3048
2.064 3048
2.111 3048
2.131 3047
2.17 3046
2.203 3046
2.251 3046
2.304 3045
2.335 3043
2.365 3043
2.393 3041
2.434 3041
2.465 3041
2.476 3041
2.508 3039
2.525 3039
2.565 3039
2.609 3035
2.663 3034
2.715 3033
2.738 3033
2.772 3033
2.803 3033
2.838 3033
2.864 3030
2.889 3030
2.92 3030
2.938 3030
2.991 3028
3.037 3028
3.063 3028
3.08 3028
3.129 3027
3.187 3024
3.239 3024
3.271 3024
3.277 3024
3.294 3024
3.306 3024
3.33 3024
3.359 3024
3.373 3024
3.432 3016
3.462 3016
3.489 3016
3.517 3014
3.541 3014
3.566 3014
3.594 3014
3.607 3014
3.648 3014
3.681 3014
3.7 3014
3.726 3014
3.764 3014
3.81 3013
3.829 3013
3.848 3013
3.872 3013
3.885 3013
3.91 3013
3.937 3013
3.949 3013
4.006 3013
4.028 3013
4.041 3013
4.059 3012
4.085 3012
4.094 3012
4.132 3012
4.182 3012
4.187 3012
4.214 3011
4.258 3011
4.29 3009
4.311 3008
4.328 3008
4.379 3008
4.412 3007
4.464 3007
4.471 3007
4.495 3005
4.525 3004
4.549 3004
4.581 3004
4.595 3004
4.615 3004
4.668 3004
4.687 3004
4.712 3002
4.761 3001
4.795 3001
4.822 3001
4.866 3001
4.877 3000
4.908 3000
4.926 3000
4.942 3000
4.982 3000
4.998 3000
5.017 3000
5.035 3000
5.058 3000
5.093 3000
5.123 3000
5.146 3000
5.168 2996
5.218 2996
5.248 2996
5.26 2996
5.296 2996
5.316 2996
5.344 2996
5.365 2996
5.403 2996
5.426 2996
5.45 2996
5.504 2996
5.523 2994
5.554 2994
5.575 2993
5.588 2993
5.631 2993
5.643 2993
5.665 2993
5.689 2993
5.711 2993
5.733 2993
5.787 2993
5.806 2993
5.831 2993
5.867 2993
5.897 2993
5.916 2993
5.94 2993
5.974 2993
5.992 2993
6.025 2993
6.041 2993
6.053 2993
6.107 2992
6.124 2991
6.154 2990
6.212 2990
6.233 2990
6.259 2989
6.294 2989
6.305 2989
6.315 2989
6.345 2989
6.383 2989
6.403 2989
6.418 2987
6.436 2987
6.468 2987
6.489 2987
6.513 2987
6.532 2986
6.55 2986
6.59 2986
6.617 2986
6.667 2986
6.687 2986
6.7 2985
6.728 2985
6.782 2985
6.812 2985
6.83 2985
6.849 2985
6.865 2984
6.891 2984
6.916 2982
6.936 2982
6.957 2982
6.994 2982
7.025 2982
7.077 2982
7.093 2982
7.13 2982
7.159 2982
7.191 2982
7.208 2982
7.246 2982
7.281 2982
7.3 2982
7.317 2982
7.345 2982
7.399 2982
7.44 2981
7.464 2981
7.483 2981
7.503 2981
7.528 2981
7.581 2981
7.607 2981
7.623 2981
7.654 2981
7.665 2981
7.686 2981
7.702 2980
7.712 2980
7.747 2980
7.773 2980
7.787 2980
7.816 2980
7.844 2980
7.881 2980
7.895 2980
7.911 2980
7.942 2980
7.998 2980
8.025 2980
8.041 2980
8.06 2980
8.085 2980
8.102 2980
8.15 2980
8.168 2980
8.197 2980
8.224 2980
8.241 2980
8.266 2980
8.279 2980
8.309 2980
8.324 2980
8.339 2979
8.357 2979
8.378 2979
8.394 2979
8.448 2979
8.461 2979
8.497 2979
8.515 2979
8.543 2978
8.584 2978
8.616 2978
8.647 2978
8.658 2978
8.714 2978
8.739 2978
8.757 2978
8.767 2978
8.784 2978
8.799 2978
8.828 2978
8.863 2978
8.88 2978
8.904 2978
8.95 2978
8.97 2978
8.991 2978
9.009 2978
9.034 2978
9.051 2978
9.088 2978
9.118 2978
9.141 2978
9.158 2978
9.191 2978
9.239 2978
9.271 2978
9.327 2976
9.369 2976
9.386 2976
9.433 2976
9.454 2976
9.469 2976
9.499 2976
9.531 2974
9.568 2974
9.617 2974
9.665 2974
9.688 2974
9.729 2974
9.747 2974
9.8 2974
9.823 2974
9.85 2974
9.872 2974
9.886 2973
9.916 2973
9.952 2973
