0 3789
0.052 3603
0.114 3477
0.164 3433
0.227 3382
0.254 3351
0.289 3312
0.335 3291
0.379 3267
0.409 3246
0.448 3217
0.481 3191
0.536 3174
0.609 3174
0.667 3174
0.715 3169
0.731 3169
0.787 3166
0.827 3159
0.866 3151
0.938 3145
0.99 3142
1.038 3129
1.052 3129
1.096 3129
1.134 3125
1.185 3124
1.219 3113
1.286 3105
1.334 3102
1.378 3102
1.422 3099
1.465 3097
1.512 3097
1.562 3096
1.587 3096
1.62 3096
1.668 3091
1.725 3083
1.754 3078
1.796 3078
1.841 3071
1.872 3071
1.914 3068
1.961 3068
2.001 3068
2.068 3064
2.098 3062
2.148 3062
2.21 3062
2.254 3051
2.301 3051
2.344 3051
2.388 3051
2.434 3042
2.48 3042
2.516 3041
2.553 3041
2.59 3040
2.636 3039
2.704 3038
2.738 3038
2.78 3038
2.847 3036
2.896 3035
2.925 3033
2.969 3029
2.997 3029
3.019 3029
3.055 3027
3.117 3027
3.196 3027
3.227 3027
3.276 3023
3.307 3023
3.377 3021
3.41 3021
3.448 3019
3.509 3019
3.581 3019
3.614 3019
3.66 3017
3.735 3017
3.789 3016
3.817 3016
3.848 3016
3.902 3016
3.951 3016
4.007 3015
4.047 3010
4.075 3010
4.121 3010
4.156 3009
4.224 3001
4.267 3001
4.317 3001
4.384 3000
4.421 3000
4.447 2998
4.481 2998
4.5 2998
4.553 2998
4.596 2998
4.653 2998
4.692 2998
4.718 2998
4.763 2998
4.791 2997
4.827 2997
4.863 2997
4.919 2996
4.959 2996
4.99 2996
5.044 2996
5.086 2996
5.119 2996
5.18 2996
5.202 2996
5.243 2996
5.301 2994
5.334 2993
5.392 2993
5.427 2993
5.47 2993
5.508 2993
5.547 2993
5.602 2993
5.659 2993
5.678 2993
5.736 2992
5.776 2992
5.799 2992
5.831 2990
5.861 2990
5.904 2990
5.971 2990
6.026 2990
6.051 2990
6.098 2990
6.149 2990
6.196 2989
6.234 2989
6.267 2988
6.303 2988
6.344 2988
6.401 2988
6.441 2987
6.497 2986
6.565 2986
6.641 2983
6.673 2983
6.717 2983
6.767 2983
6.807 2983
6.832 2983
6.877 2983
6.916 2983
6.95 2983
6.998 2982
7.058 2982
7.089 2982
7.145 2982
7.177 2982
7.205 2982
7.236 2982
7.294 2982
7.348 2982
7.383 2982
7.458 2982
7.504 2982
7.523 2981
7.558 2981
7.601 2981
7.66 2981
7.693 2981
7.751 2980
7.819 2980
7.835 2980
7.863 2980
7.906 2980
7.95 2980
7.984 2980
8.055 2980
8.101 2980
8.138 2980
8.17 2980
8.217 2977
8.255 2977
8.276 2977
8.298 2977
8.345 2977
8.403 2977
8.445 2977
8.481 2977
8.532 2976
8.569 2976
8.64 2976
8.705 2974
8.739 2974
8.771 2974
8.818 2974
8.882 2974
8.916 2974
8.935 2974
8.976 2974
9.008 2974
9.043 2974
9.075 2974
9.121 2974
9.195 2974
9.222 2974
9.28 2974
9.317 2974
9.346 2972
9.377 2972
9.413 2972
9.451 2972
9.5 2972
9.564 2972
9.628 2972
9.67 2972
9.737 2972
9.792 2972
9.817 2972
9.887 2972
9.943 2972
9.968 2972
9.99 2972
