0 3801
0.052 3587
0.139 3459
0.181 3393
0.22 3366
0.27 3316
0.296 3279
0.367 3248
0.385 3241
0.431 3235
0.491 3220
0.54 3220
0.604 3185
0.639 3182
0.674 3170
0.69 3170
0.713 3166
0.741 3157
0.815 3156
0.849 3153
0.905 3145
0.944 3145
0.989 3125
1.021 3125
1.025 3125
1.069 3119
1.113 3119
1.129 3119
1.151 3097
1.173 3097
1.202 3092
1.23 3091
1.245 3091
1.263 3091
1.292 3091
1.318 3091
1.356 3091
1.378 3091
1.4 3091
1.441 3088
1.469 3087
1.496 3087
1.519 3087
1.542 3081
1.587 3077
1.615 3077
1.654 3069
1.692 3069
1.732 3069
1.753 3069
1.779 3060
1.798 3060
1.816 3060
1.86 3060
1.875 3060
1.895 3060
1.898 3060
1.937 3059
1.976 3056
2.031 3051
2.071 3051
2.091 3046
2.123 3046
2.17 3044
2.204 3044
2.226 3044
2.26 3044
2.3 3042
2.332 3042
2.352 3041
2.374 3041
2.395 3039
2.428 3038
2.437 3038
2.493 3037
2.52 3030
2.544 3029
2.592 3026
2.61 3026
2.642 3025
2.665 3023
2.692 3023
2.73 3023
2.776 3023
2.82 3023
2.845 3022
2.879 3022
2.904 3018
2.93 3018
2.961 3017
2.989 3016
3.023 3015
3.067 3015
3.105 3010
3.129 3010
3.174 3010
3.198 3010
3.216 3010
3.264 3006
3.291 3006
3.313 3006
3.333 3005
3.382 3005
3.405 3005
3.42 3005
3.465 3005
3.485 3004
3.517 3004
3.536 3004
3.59 3002
3.651 2997
3.701 2997
3.717 2997
3.735 2997
3.767 2997
3.799 2997
3.839 2997
3.86 2996
3.896 2996
3.911 2996
3.952 2996
4 2996
4.047 2996
4.066 2996
4.131 2996
4.157 2996
4.197 2996
4.221 2996
4.267 2995
4.299 2995
4.34 2995
4.382 2995
4.407 2995
4.424 2995
4.472 2994
4.496 2994
4.52 2993
4.542 2992
4.576 2992
4.603 2992
4.622 2992
4.644 2992
4.68 2992
4.741 2992
4.789 2992
4.834 2992
4.849 2991
4.865 2991
4.894 2990
4.917 2990
4.961 2990
4.979 2990
5.038 2990
5.064 2990
5.088 2990
5.114 2990
5.139 2990
5.159 2990
5.191 2989
5.232 2989
5.257 2989
5.291 2989
5.336 2989
5.355 2989
5.377 2989
5.393 2986
5.425 2986
5.468 2986
5.492 2985
5.52 2985
5.546 2985
5.579 2982
5.582 2982
5.594 2982
5.614 2982
5.659 2982
5.674 2982
5.703 2982
5.726 2982
5.774 2982
5.787 2982
5.827 2982
5.848 2982
5.881 2982
5.904 2982
5.925 2982
5.937 2982
5.971 2982
5.983 2982
6 2982
6.033 2981
6.044 2981
6.075 2981
6.099 2981
6.134 2981
6.138 2981
6.149 2981
6.163 2981
6.18 2981
6.2 2981
6.252 2981
6.283 2981
6.313 2981
6.346 2981
6.368 2981
6.402 2981
6.432 2981
6.454 2981
6.481 2981
6.497 2981
6.498 2981
6.535 2981
6.549 2979
6.56 2979
6.602 2979
6.631 2978
6.688 2978
6.73 2978
6.773 2978
6.789 2978
6.809 2978
6.832 2978
6.886 2978
6.904 2978
6.938 2978
6.987 2977
7.008 2977
7.033 2977
7.074 2977
7.11 2977
7.127 2977
7.165 2977
7.189 2976
7.219 2976
7.24 2976
7.257 2976
7.283 2976
7.297 2976
7.308 2976
7.322 2976
7.338 2976
7.373 2976
7.41 2976
7.445 2976
7.465 2975
7.483 2975
7.51 2975
7.536 2975
7.562 2975
7.575 2975
7.592 2975
7.638 2975
7.684 2974
7.703 2974
7.723 2974
7.755 2971
7.782 2971
7.819 2971
7.864 2971
7.878 2971
7.901 2971
7.925 2971
7.955 2971
7.983 2971
8.006 2971
8.024 2971
8.053 2971
8.101 2971
8.113 2971
8.135 2971
8.185 2971
8.221 2971
8.262 2971
8.291 2971
8.323 2971
8.35 2971
8.39 2971
8.407 2971
8.434 2971
8.458 2971
8.483 2971
8.507 2971
8.569 2971
8.581 2971
8.598 2971
8.615 2971
8.634 2971
8.657 2971
8.686 2971
8.707 2971
8.74 2971
8.762 2971
8.778 2971
8.793 2971
8.81 2971
8.854 2971
8.911 2971
8.926 2971
8.949 2971
8.97 2971
8.983 2971
9.019 2971
9.052 2971
9.099 2971
9.117 2971
9.146 2970
9.177 2970
9.192 2970
9.242 2970
9.253 2970
9.274 2970
9.287 2970
9.328 2970
9.355 2969
9.376 2969
9.409 2969
9.419 2969
9.442 2969
9.49 2969
9.522 2969
9.555 2969
9.605 2969
9.616 2969
9.619 2969
9.626 2969
9.654 2967
9.671 2967
9.696 2967
9.717 2967
9.743 2967
9.773 2967
9.793 2967
9.835 2967
9.863 2967
9.912 2967
9.939 2967
9.993 2967
