0 3819
0.048 3599
0.113 3479
0.129 3423
0.174 3397
0.202 3334
0.243 3297
0.274 3297
0.317 3285
0.342 3266
0.371 3249
0.394 3232
0.411 3212
0.442 3212
0.463 3212
0.48 3208
0.518 3208
0.547 3201
0.576 3189
0.613 3180
0.634 3166
0.663 3157
0.708 3157
0.744 3150
0.758 3150
0.787 3143
0.809 3141
0.848 3123
0.873 3123
0.911 3118
0.962 3118
0.999 3114
1.023 3110
1.062 3109
1.081 3109
1.112 3108
1.132 3100
1.162 3096
1.178 3096
1.21 3096
1.241 3096
1.265 3096
1.28 3096
1.295 3096
1.351 3072
1.371 3072
1.421 3072
1.446 3072
1.493 3070
1.529 3059
1.55 3059
1.598 3059
1.624 3058
1.636 3058
1.653 3058
1.695 3056
1.716 3056
1.744 3056
1.769 3056
1.804 3052
1.853 3052
1.89 3051
1.925 3051
1.957 3050
1.992 3050
2.018 3050
2.067 3048
2.103 3046
2.119 3046
2.141 3045
2.17 3045
2.196 3045
2.209 3045
2.236 3044
2.277 3044
2.304 3043
2.326 3041
2.349 3041
2.363 3041
2.389 3039
2.418 3038
2.469 3037
2.515 3036
2.551 3036
2.602 3035
2.634 3030
2.689 3027
2.706 3027
2.742 3027
2.771 3027
2.796 3027
2.825 3027
2.856 3027
2.901 3027
2.967 3026
3.001 3026
3.026 3023
3.047 3023
3.076 3023
3.118 3023
3.139 3023
3.154 3023
3.19 3022
3.209 3018
3.27 3018
3.295 3018
3.353 3018
3.404 3018
3.442 3016
3.467 3015
3.513 3015
3.532 3014
3.591 3014
3.636 3014
3.656 3014
3.682 3014
3.7 3014
3.724 3010
3.758 3010
3.781 3010
3.834 3010
3.861 3010
3.896 3010
3.916 3010
3.937 3010
3.949 3010
4.006 3010
4.031 3010
4.059 3007
4.076 3007
4.098 3006
4.124 3006
4.165 3006
4.192 3006
4.218 3006
4.244 3006
4.27 3006
4.3 3006
4.319 3006
4.352 3006
4.37 3006
4.424 3006
4.447 3004
4.465 3004
4.52 3004
4.577 3002
4.613 3000
4.669 2999
4.715 2999
4.749 2999
4.803 2999
4.83 2999
4.863 2999
4.902 2998
4.945 2998
4.969 2998
4.99 2998
5.006 2998
5.034 2997
5.06 2997
5.097 2995
5.14 2994
5.155 2994
5.169 2994
5.197 2994
5.227 2993
5.243 2993
5.289 2992
5.303 2992
5.352 2992
5.396 2991
5.435 2991
5.453 2991
5.488 2990
5.512 2990
5.548 2990
5.612 2990
5.652 2990
5.679 2988
5.693 2988
5.739 2988
5.784 2988
5.803 2988
5.84 2988
5.862 2988
5.887 2988
5.921 2988
5.944 2988
5.966 2988
5.982 2988
5.997 2988
6.006 2988
6.065 2988
6.083 2986
6.1 2986
6.132 2986
6.153 2986
6.198 2986
6.218 2986
6.247 2986
6.261 2986
6.28 2986
6.298 2986
6.33 2986
6.341 2986
6.362 2986
6.417 2986
6.458 2985
6.491 2985
6.53 2985
6.549 2985
6.597 2985
6.615 2985
6.653 2985
6.663 2985
6.687 2985
6.716 2985
6.758 2985
6.784 2985
6.801 2985
6.859 2985
6.892 2985
6.909 2985
6.943 2985
7 2985
7.024 2985
7.084 2984
7.118 2984
7.135 2984
7.165 2984
7.217 2982
7.243 2982
7.295 2982
7.319 2982
7.354 2982
7.404 2982
7.436 2982
7.46 2981
7.487 2981
7.522 2981
7.536 2980
7.603 2980
7.625 2980
7.646 2980
7.678 2980
7.727 2980
7.778 2979
7.796 2979
7.815 2979
7.831 2979
7.847 2979
7.859 2979
7.911 2979
7.93 2979
7.958 2979
7.982 2979
8.003 2979
8.029 2979
8.069 2979
8.117 2979
8.145 2978
8.175 2978
8.211 2978
8.262 2977
8.305 2977
8.33 2977
8.392 2977
8.415 2977
8.439 2977
8.466 2977
8.482 2977
8.528 2977
8.544 2976
8.571 2976
8.581 2976
8.602 2976
8.62 2976
8.634 2976
8.645 2976
8.672 2976
8.689 2976
8.702 2976
8.721 2976
8.771 2975
8.789 2975
8.819 2975
8.836 2974
8.888 2974
8.916 2974
8.963 2974
8.979 2974
9.025 2974
9.052 2974
9.073 2974
9.127 2974
9.157 2974
9.16 2974
9.208 2973
9.264 2973
9.313 2973
9.367 2973
9.394 2973
9.43 2973
9.491 2972
9.558 2972
9.596 2972
9.657 2972
9.693 2972
9.713 2971
9.745 2971
9.77 2971
9.818 2969
9.847 2969
9.886 2969
9.934 2969
9.962 2969
9.976 2969
10.013 2969
