0 3819
0.039 3602
0.096 3494
0.116 3410
0.141 3399
0.166 3399
0.203 3335
0.265 3309
0.304 3266
0.331 3245
0.359 3240
0.38 3225
0.403 3225
0.431 3224
0.467 3206
0.495 3196
0.515 3190
0.564 3174
0.577 3173
0.6 3163
0.622 3163
0.666 3159
0.684 3153
0.722 3148
0.747 3148
0.765 3145
0.786 3138
0.806 3136
0.856 3131
0.899 3131
0.917 3121
0.937 3116
0.963 3116
0.993 3116
1.024 3111
1.068 3111
1.105 3104
1.152 3104
1.182 3094
1.205 3081
1.231 3081
1.258 3081
1.292 3081
1.302 3081
1.327 3078
1.357 3078
1.372 3078
1.408 3073
1.44 3071
1.452 3071
1.489 3071
1.513 3071
1.546 3071
1.569 3061
1.574 3061
1.62 3061
1.654 3061
1.686 3061
1.737 3061
1.76 3060
1.781 3054
1.802 3054
1.828 3054
1.872 3054
1.892 3054
1.908 3054
1.956 3051
1.982 3050
2.014 3049
2.07 3043
2.1 3043
2.142 3043
2.176 3043
2.199 3039
2.218 3039
2.241 3032
2.268 3032
2.288 3032
2.312 3032
2.364 3030
2.413 3021
2.456 3021
2.481 3021
2.493 3021
2.512 3021
2.539 3021
2.563 3021
2.601 3021
2.628 3020
2.663 3020
2.685 3020
2.73 3020
2.746 3020
2.777 3020
2.809 3020
2.829 3020
2.851 3018
2.88 3018
2.911 3018
2.953 3018
2.995 3018
3.022 3017
3.053 3014
3.094 3014
3.117 3011
3.143 3011
3.164 3011
3.183 3011
3.224 3011
3.26 3010
3.278 3009
3.303 3009
3.324 3009
3.369 3009
3.401 3009
3.424 3009
3.45 3009
3.493 3008
3.524 3008
3.539 3006
3.575 3006
3.598 3006
3.61 3006
3.678 3005
3.704 3005
3.75 3005
3.782 3005
3.814 3005
3.846 3002
3.862 3002
3.875 3002
3.941 3001
3.973 3001
4 3001
4.07 2998
4.103 2998
4.15 2998
4.187 2998
4.215 2998
4.241 2998
4.3 2998
4.368 2998
4.388 2998
4.436 2990
4.467 2990
4.499 2990
4.573 2990
4.602 2990
4.664 2990
4.711 2990
4.784 2990
4.81 2990
4.864 2990
4.92 2990
4.959 2990
4.987 2990
5.049 2989
5.121 2989
5.172 2989
5.247 2988
5.298 2988
5.329 2988
5.401 2988
5.458 2988
5.481 2988
5.524 2988
5.546 2987
5.582 2987
5.6 2987
5.619 2987
5.68 2987
5.699 2987
5.717 2987
5.742 2986
5.774 2986
5.794 2986
5.797 2986
5.817 2986
5.841 2986
5.869 2986
5.919 2986
5.96 2986
5.989 2986
6.02 2986
6.058 2986
6.104 2986
6.154 2986
6.176 2986
6.219 2986
6.24 2986
6.254 2986
6.31 2984
6.359 2984
6.393 2984
6.431 2984
6.46 2984
6.491 2983
6.517 2983
6.575 2983
6.642 2983
6.677 2982
6.736 2982
6.781 2982
6.853 2982
6.877 2982
6.944 2982
6.963 2982
6.966 2982
7.018 2981
7.087 2981
7.114 2981
7.126 2981
7.154 2981
7.229 2980
7.245 2980
7.297 2980
7.324 2980
7.404 2972
7.424 2972
7.444 2972
7.459 2972
7.481 2972
7.516 2972
7.537 2972
7.582 2972
7.638 2972
7.681 2972
7.709 2972
7.79 2972
7.861 2972
7.921 2972
7.956 2972
7.987 2972
8.026 2972
8.054 2972
8.081 2972
8.111 2972
8.189 2972
8.221 2972
8.299 2972
8.321 2972
8.391 2972
8.413 2972
8.447 2972
8.491 2972
8.538 2972
8.56 2972
8.574 2972
8.602 2971
8.67 2971
8.701 2971
8.717 2971
8.73 2971
8.75 2971
8.828 2971
8.859 2971
8.881 2971
8.903 2971
8.93 2971
9 2971
9.09 2971
9.113 2971
9.144 2971
9.198 2969
9.24 2969
9.31 2969
9.343 2969
9.375 2969
9.423 2969
9.499 2969
9.537 2969
9.556 2969
9.592 2969
9.598 2969
9.622 2969
9.695 2969
9.733 2969
9.774 2969
9.803 2969
9.842 2969
9.848 2969
9.899 2969
9.954 2969
