0 3788
0.057 3604
0.132 3492
0.177 3412
0.21 3351
0.28 3298
0.315 3298
0.363 3298
0.39 3268
0.426 3268
0.462 3268
0.517 3217
0.579 3217
0.608 3187
0.641 3187
0.696 3187
0.766 3174
0.815 3170
0.85 3164
0.881 3161
0.939 3149
1 3142
1.036 3137
1.102 3135
1.143 3134
1.179 3129
1.21 3126
1.263 3126
1.308 3106
1.351 3106
1.407 3103
1.441 3103
1.485 3103
1.538 3102
1.581 3102
1.613 3102
1.648 3102
1.678 3099
1.717 3099
1.763 3097
1.793 3088
1.823 3085
1.883 3085
1.925 3085
1.956 3081
1.987 3081
2.026 3081
2.094 3077
2.155 3074
2.199 3073
2.241 3073
2.275 3072
2.313 3072
2.353 3070
2.388 3067
2.441 3064
2.487 3064
2.531 3063
2.574 3063
2.598 3063
2.648 3059
2.686 3059
2.71 3059
2.754 3054
2.783 3054
2.817 3050
2.864 3049
2.913 3049
2.964 3049
3.019 3049
3.046 3049
3.076 3049
3.124 3049
3.153 3049
3.214 3049
3.252 3049
3.286 3049
3.333 3048
3.376 3047
3.412 3047
3.456 3047
3.494 3043
3.533 3043
3.563 3043
3.609 3043
3.639 3043
3.698 3037
3.737 3037
3.761 3037
3.802 3037
3.848 3037
3.9 3037
3.935 3037
3.982 3036
4.028 3033
4.059 3033
4.095 3033
4.125 3030
4.158 3030
4.188 3030
4.227 3025
4.265 3024
4.326 3024
4.37 3024
4.407 3024
4.452 3024
4.522 3024
4.575 3023
4.618 3023
4.664 3023
4.736 3023
4.819 3022
4.853 3020
4.899 3020
4.969 3020
5.021 3020
5.078 3020
5.109 3020
5.14 3020
5.194 3019
5.256 3019
5.294 3019
5.364 3019
5.383 3018
5.405 3018
5.462 3018
5.495 3016
5.525 3015
5.568 3015
5.621 3015
5.643 3015
5.685 3015
5.743 3013
5.772 3013
5.807 3013
5.862 3013
5.923 3013
5.965 3011
6.018 3011
6.066 3011
6.105 3010
6.148 3010
6.22 3010
6.254 3010
6.295 3010
6.327 3010
6.386 3010
6.429 3010
6.453 3010
6.511 3009
6.548 3009
6.578 3009
6.602 3009
6.634 3009
6.666 3009
6.687 3009
6.744 3009
6.805 3009
6.86 3009
6.924 3005
6.984 3005
7.033 3005
7.062 3005
7.112 3005
7.176 3005
7.242 3005
7.286 3005
7.326 3004
7.347 3004
7.414 3004
7.456 3004
7.527 3004
7.576 3003
7.633 2999
7.666 2999
7.723 2999
7.773 2999
7.829 2999
7.869 2999
7.9 2999
7.956 2999
7.985 2999
8.021 2999
8.056 2999
8.088 2999
8.126 2999
8.143 2999
8.185 2998
8.214 2998
8.25 2998
8.298 2998
8.364 2998
8.398 2997
8.428 2997
8.485 2997
8.558 2997
8.619 2997
8.665 2995
8.695 2995
8.738 2993
8.774 2993
8.832 2991
8.87 2991
8.902 2991
8.945 2991
8.967 2991
9.004 2991
9.048 2991
9.107 2991
9.141 2991
9.178 2991
9.215 2991
9.272 2991
9.291 2991
9.33 2991
9.36 2991
9.425 2991
9.459 2991
9.498 2990
9.527 2990
9.57 2990
9.604 2990
9.642 2990
9.692 2990
9.736 2990
9.798 2990
9.855 2990
9.908 2988
9.954 2988
9.984 2988
10.009 2988
