0 3783
0.048 3581
0.096 3465
0.12 3387
0.132 3387
0.147 3337
0.168 3304
0.219 3304
0.241 3302
0.259 3273
0.276 3251
0.298 3250
0.339 3225
0.353 3225
0.387 3195
0.422 3195
0.467 3178
0.491 3175
0.527 3165
0.539 3152
0.571 3149
0.576 3149
0.599 3147
0.637 3147
0.65 3147
0.663 3132
0.706 3114
0.725 3114
0.741 3114
0.78 3108
0.801 3107
0.839 3102
0.872 3102
0.897 3099
0.939 3099
0.956 3097
0.98 3091
0.996 3091
1.014 3088
1.032 3088
1.042 3088
1.076 3088
1.098 3083
1.11 3080
1.131 3079
1.153 3076
1.182 3072
1.206 3072
1.241 3072
1.291 3064
1.305 3064
1.356 3057
1.407 3055
1.431 3055
1.476 3046
1.49 3045
1.545 3040
1.575 3039
1.588 3039
1.63 3039
1.669 3033
1.684 3032
1.736 3032
1.775 3032
1.819 3032
1.847 3030
1.86 3030
1.907 3024
1.93 3024
1.953 3024
1.964 3024
1.98 3024
1.99 3022
2.014 3022
2.037 3022
2.061 3021
2.085 3021
2.134 3021
2.187 3021
2.219 3020
2.248 3016
2.315 3015
2.336 3014
2.37 3014
2.43 3014
2.457 3014
2.498 3014
2.523 3014
2.54 3014
2.563 3012
2.609 3011
2.625 3011
2.65 3011
2.677 3011
2.742 3006
2.756 3006
2.78 3006
2.806 3006
2.861 3006
2.883 3006
2.942 3003
2.971 3003
3.033 3003
3.062 3001
3.087 3001
3.15 3001
3.179 2999
3.228 2999
3.245 2999
3.278 2997
3.329 2996
3.346 2996
3.366 2996
3.405 2996
3.446 2996
3.463 2996
3.486 2995
3.519 2994
3.542 2994
3.564 2994
3.585 2994
3.631 2993
3.66 2993
3.679 2993
3.689 2993
3.714 2993
3.736 2992
3.752 2992
3.803 2989
3.835 2989
3.856 2989
3.904 2989
3.919 2989
3.929 2989
3.985 2989
4.005 2989
4.025 2989
4.075 2989
4.12 2989
4.142 2989
4.171 2989
4.181 2985
4.201 2985
4.227 2985
4.259 2985
4.278 2983
4.305 2983
4.335 2983
4.378 2983
4.407 2983
4.421 2983
4.473 2983
4.518 2982
4.547 2982
4.577 2981
4.602 2981
4.656 2981
4.693 2981
4.729 2981
4.795 2981
4.827 2981
4.876 2980
4.932 2980
4.971 2980
5.005 2980
5.038 2979
5.067 2979
5.111 2979
5.15 2979
5.166 2979
5.191 2979
5.231 2979
5.262 2979
5.316 2978
5.356 2978
5.376 2978
5.399 2978
5.443 2978
5.501 2978
5.53 2978
5.54 2978
5.552 2978
5.565 2978
5.595 2977
5.645 2977
5.695 2977
5.73 2977
5.756 2976
5.814 2976
5.833 2976
5.886 2976
5.916 2976
5.937 2976
5.98 2976
6.002 2976
6.03 2975
6.056 2975
6.072 2974
6.097 2974
6.121 2974
6.141 2974
6.2 2971
6.23 2971
6.28 2971
6.323 2971
6.345 2971
6.365 2971
6.42 2971
6.466 2971
6.508 2971
6.558 2970
6.585 2970
6.643 2970
6.674 2970
6.711 2970
6.751 2970
6.794 2970
6.813 2970
6.858 2970
6.878 2970
6.909 2970
6.95 2969
6.97 2969
7.017 2969
7.03 2969
7.081 2969
7.102 2969
7.125 2969
7.144 2968
7.167 2968
7.202 2968
7.228 2968
7.284 2968
7.331 2967
7.364 2967
7.415 2967
7.437 2967
7.447 2967
7.47 2967
7.483 2967
7.502 2967
7.526 2967
7.549 2967
7.585 2967
7.608 2967
7.632 2967
7.649 2967
7.659 2967
7.686 2967
7.732 2967
7.747 2967
7.762 2967
7.794 2967
7.81 2967
7.83 2965
7.853 2965
7.872 2965
7.926 2965
7.947 2965
7.98 2965
7.998 2965
8.022 2965
8.046 2965
8.06 2965
8.093 2965
8.134 2965
8.15 2965
8.209 2965
8.256 2965
8.285 2965
8.337 2965
8.383 2964
8.421 2964
8.459 2964
8.481 2964
8.508 2964
8.522 2964
8.53 2963
8.548 2963
8.567 2963
8.625 2963
8.676 2963
8.707 2963
8.751 2963
8.791 2963
8.802 2963
8.824 2963
8.866 2963
8.891 2963
8.914 2963
8.928 2963
8.977 2963
8.998 2963
9.024 2962
9.052 2962
9.084 2962
9.128 2962
9.156 2962
9.173 2962
9.204 2962
9.219 2962
9.238 2962
9.254 2961
9.311 2961
9.359 2961
9.398 2960
9.423 2960
9.462 2960
9.486 2960
9.512 2960
9.53 2960
9.548 2960
9.567 2960
9.619 2960
9.651 2960
9.679 2960
9.7 2960
9.715 2960
9.741 2959
9.755 2959
9.818 2959
9.828 2959
9.871 2959
9.909 2958
9.942 2958
9.984 2958
