0 3819
0.075 3598
0.148 3471
0.206 3417
0.276 3350
0.33 3333
0.414 3304
0.48 3293
0.54 3282
0.611 3269
0.691 3236
0.751 3236
0.849 3216
0.905 3205
0.989 3205
1.047 3188
1.09 3181
1.15 3181
1.197 3153
1.275 3153
1.337 3153
1.389 3153
1.45 3147
1.509 3138
1.604 3137
1.644 3137
1.69 3131
1.757 3131
1.841 3125
1.929 3119
1.997 3119
2.057 3118
2.135 3114
2.207 3114
2.263 3100
2.329 3095
2.4 3089
2.444 3089
2.501 3089
2.556 3089
2.624 3081
2.689 3081
2.78 3081
2.867 3078
2.93 3073
2.979 3073
3.025 3067
3.07 3067
3.122 3067
3.189 3057
3.286 3057
3.367 3054
3.455 3054
3.496 3054
3.581 3051
3.661 3051
3.727 3051
3.772 3047
3.831 3047
3.883 3047
3.953 3047
4.008 3047
4.076 3045
4.144 3045
4.177 3043
4.244 3042
4.31 3040
4.369 3040
4.415 3040
4.451 3037
4.508 3037
4.601 3037
4.672 3036
4.735 3030
4.826 3030
4.906 3030
4.982 3030
5.063 3029
5.144 3028
5.212 3028
5.285 3028
5.333 3026
5.355 3026
5.432 3024
5.505 3024
5.565 3024
5.624 3024
5.71 3024
5.78 3024
5.862 3022
5.916 3021
5.986 3021
6.057 3021
6.111 3021
6.162 3017
6.213 3017
6.282 3017
6.344 3017
6.388 3017
6.464 3017
6.533 3016
6.596 3016
6.671 3015
6.726 3014
6.803 3014
6.887 3012
6.945 3012
7.015 3012
7.072 3012
7.131 3011
7.18 3011
7.256 3010
7.297 3009
7.337 3009
7.416 3009
7.487 3008
7.58 3005
7.64 3005
7.683 3005
7.733 3003
7.794 3003
7.842 3003
7.895 3003
7.943 3003
8.018 3002
8.079 3002
8.149 3002
8.191 3002
8.238 3002
8.292 3001
8.376 3001
8.416 3001
8.483 3001
8.544 3001
8.603 3001
8.673 3001
8.706 3001
8.804 2995
8.866 2995
8.909 2995
8.989 2995
9.049 2995
9.103 2995
9.176 2995
9.242 2995
9.291 2995
9.36 2995
9.417 2995
9.472 2995
9.506 2995
9.57 2995
9.596 2995
9.639 2995
9.711 2994
9.773 2993
9.834 2993
9.909 2993
9.977 2992
