0 3788
0.038 3592
0.093 3475
0.126 3390
0.172 3390
0.218 3346
0.237 3310
0.296 3281
0.344 3274
0.358 3243
0.413 3224
0.441 3224
0.478 3205
0.501 3204
0.54 3191
0.573 3183
0.619 3183
0.631 3183
0.678 3159
0.71 3153
0.743 3153
0.773 3153
0.805 3146
0.826 3140
0.864 3136
0.891 3132
0.926 3113
0.946 3113
0.969 3112
0.993 3112
1.026 3112
1.055 3112
1.081 3112
1.134 3111
1.153 3107
1.178 3106
1.25 3087
1.296 3087
1.329 3083
1.376 3083
1.405 3079
1.436 3079
1.473 3074
1.517 3074
1.541 3074
1.609 3072
1.649 3069
1.687 3067
1.703 3067
1.737 3067
1.769 3064
1.834 3064
1.904 3063
1.952 3054
2.011 3054
2.037 3053
2.07 3053
2.086 3052
2.113 3052
2.17 3052
2.196 3047
2.23 3046
2.262 3046
2.298 3044
2.335 3042
2.348 3042
2.365 3042
2.383 3042
2.412 3041
2.438 3041
2.461 3039
2.496 3039
2.513 3039
2.526 3039
2.545 3038
2.583 3038
2.637 3037
2.652 3037
2.703 3037
2.753 3035
2.796 3035
2.834 3028
2.868 3028
2.912 3028
2.948 3026
2.965 3026
2.985 3026
3.018 3026
3.037 3026
3.081 3025
3.125 3025
3.16 3018
3.19 3018
3.231 3018
3.258 3018
3.278 3018
3.318 3018
3.396 3018
3.44 3018
3.512 3018
3.539 3017
3.578 3017
3.596 3017
3.627 3017
3.641 3017
3.669 3017
3.705 3017
3.764 3014
3.838 3010
3.87 3010
3.899 3010
3.939 3010
3.976 3010
4.015 3008
4.052 3003
4.08 3003
4.096 3003
4.123 3003
4.172 3001
4.201 3001
4.238 3001
4.281 2999
4.304 2999
4.342 2999
4.372 2999
4.408 2999
4.451 2999
4.471 2999
4.527 2999
4.575 2999
4.627 2999
4.656 2998
4.712 2998
4.749 2998
4.775 2998
4.818 2998
4.873 2998
4.891 2996
4.908 2996
4.95 2996
4.981 2996
5.019 2995
5.055 2995
5.098 2995
5.161 2995
5.184 2995
5.235 2995
5.282 2992
5.315 2992
5.348 2992
5.364 2992
5.383 2992
5.407 2992
5.445 2992
5.481 2991
5.501 2991
5.52 2991
5.529 2991
5.572 2991
5.608 2991
5.631 2991
5.659 2989
5.69 2989
5.739 2989
5.776 2989
5.833 2989
5.864 2989
5.896 2989
5.963 2989
5.98 2989
6.037 2989
6.068 2984
6.093 2984
6.154 2984
6.198 2983
6.222 2983
6.283 2983
6.302 2983
6.342 2983
6.359 2983
6.391 2983
6.45 2983
6.477 2983
6.515 2983
6.532 2983
6.546 2983
6.573 2983
6.614 2982
6.662 2982
6.696 2982
6.736 2982
6.777 2982
6.836 2982
6.865 2982
6.903 2981
6.952 2981
6.971 2981
6.997 2981
7.024 2981
7.042 2981
7.063 2981
7.115 2981
7.145 2981
7.173 2981
7.199 2981
7.239 2981
7.257 2981
7.286 2980
7.34 2980
7.363 2980
7.412 2980
7.444 2980
7.492 2980
7.532 2980
7.569 2980
7.587 2976
7.641 2976
7.708 2976
7.741 2976
7.79 2976
7.839 2976
7.882 2976
7.91 2976
7.964 2973
7.989 2973
8.03 2973
8.053 2973
8.12 2973
8.158 2973
8.175 2973
8.219 2973
8.243 2973
8.276 2973
8.331 2972
8.354 2972
8.385 2972
8.413 2972
8.434 2972
8.477 2972
8.5 2972
8.546 2972
8.585 2972
8.606 2972
8.653 2972
8.669 2972
8.696 2972
8.729 2972
8.756 2972
8.776 2972
8.813 2972
8.845 2972
8.879 2972
8.905 2972
8.975 2972
9.009 2972
9.048 2972
9.092 2972
9.107 2972
9.137 2972
9.175 2972
9.202 2972
9.258 2972
9.278 2972
9.317 2972
9.333 2972
9.363 2972
9.407 2972
9.454 2972
9.5 2972
9.527 2972
9.571 2970
9.624 2970
9.655 2970
9.673 2970
9.699 2970
9.762 2970
9.783 2970
9.828 2970
9.881 2970
9.94 2970
9.954 2970
9.985 2970
