0 7603
0.214 7391
0.417 7318
0.595 7290
0.749 7273
0.855 7246
1.015 7217
1.157 7214
1.359 7198
1.519 7162
1.681 7136
1.847 7123
1.946 7109
2.053 7109
2.268 7099
2.435 7083
2.569 7076
2.668 7076
2.858 7076
2.958 7065
3.161 7062
3.294 7053
3.417 7046
3.588 7046
3.727 7043
3.896 7043
4.023 7043
4.285 7035
4.448 7027
4.573 7027
4.692 7024
4.773 7019
4.909 7019
5.067 7014
5.25 7008
5.359 7005
5.509 6999
5.672 6996
5.876 6995
6.054 6994
6.268 6994
6.473 6989
6.694 6983
6.891 6981
7.091 6969
7.294 6969
7.388 6969
7.516 6969
7.643 6969
7.757 6969
7.886 6969
8.079 6962
8.247 6962
8.424 6958
8.543 6951
8.645 6951
8.802 6951
8.933 6948
9.129 6948
9.26 6944
9.396 6944
9.601 6944
9.712 6943
9.871 6943
10.103 6941
