0 7636
0.14 7386
0.422 7319
0.579 7271
0.699 7233
0.847 7233
1.029 7207
1.153 7194
1.299 7187
1.473 7187
1.574 7171
1.809 7146
1.882 7131
2.105 7119
2.329 7111
2.462 7111
2.637 7107
2.841 7091
3.003 7080
3.139 7080
3.26 7079
3.469 7067
3.662 7050
3.949 7038
4.123 7038
4.406 7029
4.581 7029
4.818 7019
4.981 7019
5.256 7019
5.509 7019
5.673 7019
5.914 7013
6.041 7013
6.24 6997
6.397 6997
6.555 6997
6.722 6991
7.093 6985
7.287 6985
7.479 6985
7.681 6979
7.826 6979
7.933 6979
8.168 6977
8.259 6962
8.379 6962
8.625 6962
8.751 6962
8.883 6962
9.106 6962
9.24 6960
9.51 6959
9.736 6956
9.875 6953
9.974 6952
