0 7575
0.206 7401
0.526 7305
0.67 7290
0.829 7249
0.982 7249
1.203 7231
1.379 7217
1.634 7195
1.861 7172
2.11 7141
2.249 7141
2.436 7135
2.631 7119
2.814 7102
2.928 7072
3.125 7072
3.243 7072
3.402 7072
3.617 7053
3.712 7048
3.89 7048
4.236 7041
4.418 7034
4.621 7028
4.816 7028
5.086 7028
5.238 7028
5.364 7028
5.618 7025
5.755 7025
5.972 7018
6.158 7014
6.35 7011
6.559 7007
6.737 7001
6.869 6999
7.093 6994
7.332 6994
7.56 6990
7.715 6990
7.934 6990
8.157 6986
8.348 6983
8.571 6983
8.72 6983
8.935 6978
9.091 6974
9.233 6974
9.46 6974
9.602 6965
9.883 6959
10.064 6959
