0 7600
0.144 7406
0.446 7331
0.563 7311
0.67 7264
0.828 7264
0.964 7264
1.161 7226
1.338 7210
1.456 7193
1.604 7170
1.797 7166
1.97 7160
2.094 7159
2.251 7155
2.447 7131
2.611 7131
2.798 7107
2.945 7107
3.158 7097
3.291 7086
3.488 7064
3.669 7064
3.896 7064
4.007 7056
4.241 7042
4.384 7042
4.504 7042
4.716 7030
4.958 7020
5.201 7020
5.364 7015
5.48 7011
5.602 7009
5.833 7009
6.016 6997
6.381 6997
6.487 6997
6.613 6994
6.771 6994
6.927 6994
7.066 6994
7.269 6970
7.417 6970
7.719 6970
7.97 6970
8.094 6967
8.256 6967
8.429 6967
8.626 6967
8.79 6967
8.98 6967
9.083 6965
9.294 6962
9.463 6957
9.634 6957
9.827 6954
9.939 6954
10.107 6954
