0 7562
0.177 7368
0.374 7326
0.495 7293
0.663 7280
1.001 7251
1.158 7212
1.307 7212
1.378 7212
1.593 7184
1.853 7153
1.979 7153
2.109 7138
2.395 7132
2.484 7112
2.633 7105
2.819 7100
3.007 7087
3.15 7084
3.365 7058
3.455 7049
3.595 7049
3.755 7049
3.855 7049
4.241 7043
4.449 7031
4.709 7031
4.896 7029
5.073 7021
5.368 7012
5.591 7010
5.882 7006
6.013 7006
6.251 7001
6.355 7001
6.489 7001
6.678 6998
6.829 6987
6.953 6987
7.125 6987
7.253 6983
7.369 6983
7.493 6982
7.644 6977
7.809 6971
7.956 6971
8.081 6971
8.219 6971
8.469 6970
8.617 6970
8.789 6970
8.966 6967
9.215 6967
9.415 6956
9.565 6956
9.744 6955
9.901 6955
10.09 6953
