0 7603
0.133 7380
0.399 7317
0.624 7269
0.762 7241
0.941 7241
1.204 7241
1.497 7180
1.731 7167
1.872 7167
2.007 7150
2.237 7128
2.385 7128
2.572 7101
2.7 7101
2.834 7087
3.114 7087
3.312 7074
3.498 7074
3.723 7071
3.945 7051
4.102 7051
4.313 7040
4.559 7040
4.815 7031
4.977 7024
5.256 7022
5.435 7017
5.561 7015
5.711 7015
5.894 7002
6.09 7002
6.269 7002
6.443 6999
6.774 6994
6.964 6985
7.136 6985
7.319 6982
7.562 6972
7.68 6972
7.884 6972
8.116 6970
8.32 6970
8.471 6970
8.575 6967
8.814 6967
8.936 6964
9.176 6955
9.395 6955
9.543 6950
9.707 6950
9.883 6946
10.038 6946
