0 7636
0.15 7396
0.349 7314
0.477 7289
0.591 7225
0.776 7198
0.885 7198
0.966 7163
1.08 7150
1.27 7150
1.418 7150
1.573 7142
1.749 7142
1.866 7122
2 7110
2.228 7084
2.386 7084
2.481 7084
2.588 7078
2.802 7069
2.96 7060
3.105 7055
3.302 7045
3.394 7045
3.499 7038
3.667 7038
3.857 7038
4.061 7022
4.263 7022
4.451 7019
4.568 7019
4.667 7019
4.802 7009
4.952 7009
5.158 7009
5.352 7008
5.446 7004
5.63 6995
5.822 6993
5.958 6986
6.114 6982
6.333 6982
6.489 6978
6.578 6978
6.746 6970
6.872 6970
7.003 6966
7.205 6966
7.345 6966
7.495 6966
7.739 6961
7.878 6961
8.022 6952
8.216 6952
8.33 6949
8.627 6949
8.722 6947
8.847 6947
9.004 6947
9.114 6947
9.217 6947
9.398 6945
9.612 6940
9.713 6940
9.898 6940
10.009 6940
