0 7575
0.133 7384
0.348 7310
0.49 7286
0.63 7272
0.824 7238
0.987 7238
1.186 7206
1.255 7189
1.433 7170
1.602 7163
1.78 7137
1.948 7133
2.234 7127
2.351 7113
2.546 7098
2.65 7098
2.759 7095
2.896 7083
3.054 7073
3.268 7064
3.488 7048
3.549 7043
3.65 7043
3.729 7038
3.86 7038
4.071 7038
4.157 7029
4.312 7014
4.469 7014
4.649 7014
4.771 7014
4.912 7014
5.109 7014
5.325 7011
5.553 7011
5.724 7001
5.835 7001
5.99 6997
6.159 6991
6.406 6983
6.509 6976
6.686 6976
6.821 6976
6.989 6976
7.158 6972
7.265 6967
7.355 6967
7.492 6967
7.674 6967
7.832 6967
7.944 6962
8.089 6962
8.182 6959
8.303 6957
8.509 6957
8.713 6954
8.911 6950
8.998 6950
9.207 6950
9.373 6950
9.513 6950
9.734 6950
9.949 6938
