0 7600
0.138 7392
0.373 7338
0.527 7272
0.773 7244
0.94 7226
1.066 7197
1.217 7195
1.331 7167
1.442 7151
1.585 7130
1.706 7130
1.861 7117
1.986 7102
2.115 7102
2.26 7102
2.38 7102
2.587 7100
2.76 7080
2.899 7070
3.101 7069
3.253 7069
3.415 7069
3.607 7056
3.736 7050
3.832 7030
3.941 7024
4.112 7024
4.269 7018
4.429 7018
4.599 7017
4.733 7010
4.89 7009
4.985 7009
5.227 7002
5.288 6998
5.426 6998
5.586 6998
5.705 6998
5.843 6998
6.023 6989
6.13 6989
6.269 6989
6.415 6988
6.679 6985
6.828 6985
7.023 6983
7.229 6976
7.41 6976
7.48 6974
7.672 6974
7.767 6970
7.972 6968
8.073 6968
8.199 6963
8.313 6963
8.585 6963
8.731 6957
8.858 6957
9.024 6955
9.164 6955
9.336 6955
9.496 6950
9.642 6949
9.778 6949
9.89 6946
10.072 6946
