0 7575
0.108 7384
0.346 7332
0.444 7279
0.585 7271
0.77 7251
0.951 7236
1.073 7208
1.238 7191
1.372 7163
1.593 7146
1.858 7131
2.02 7111
2.235 7111
2.372 7093
2.513 7093
2.645 7087
2.75 7085
2.884 7077
3.065 7067
3.149 7067
3.324 7057
3.442 7057
3.633 7047
3.789 7047
3.961 7035
4.175 7033
4.349 7033
4.467 7021
4.659 7015
4.894 7004
5.007 7004
5.092 7004
5.207 7004
5.391 6992
5.553 6988
5.683 6979
5.81 6979
5.983 6973
6.193 6973
6.426 6973
6.666 6971
6.842 6971
7.1 6967
7.252 6967
7.368 6964
7.468 6964
7.694 6964
7.926 6961
8.01 6961
8.242 6960
8.388 6956
8.543 6953
8.669 6952
8.798 6950
8.947 6943
9.082 6943
9.2 6943
9.347 6939
9.537 6939
9.844 6933
9.964 6933
