0 7603
0.122 7380
0.354 7328
0.476 7283
0.629 7243
0.755 7243
0.853 7200
0.944 7187
1.096 7182
1.198 7182
1.254 7171
1.491 7162
1.667 7149
1.762 7131
1.903 7123
1.98 7122
2.212 7106
2.339 7098
2.579 7092
2.784 7070
2.892 7062
3.089 7062
3.244 7059
3.382 7059
3.559 7048
3.693 7045
3.786 7045
4.07 7028
4.158 7018
4.283 7018
4.38 7018
4.613 7012
4.836 7003
4.937 7000
5.131 6993
5.371 6993
5.549 6985
5.707 6985
5.903 6985
6.106 6985
6.199 6985
6.292 6984
6.361 6981
6.52 6981
6.74 6973
6.958 6972
7.11 6972
7.273 6972
7.47 6972
7.624 6967
7.744 6961
7.895 6961
8.018 6961
8.269 6953
8.414 6944
8.685 6941
8.849 6939
8.973 6937
9.099 6937
9.197 6937
9.416 6933
9.624 6933
9.871 6930
9.99 6930
