0 7562
0.156 7374
0.358 7308
0.52 7266
0.659 7242
0.935 7207
1.061 7207
1.225 7178
1.403 7178
1.644 7161
1.781 7138
1.915 7138
2.191 7113
2.315 7111
2.503 7092
2.608 7085
2.755 7081
2.954 7075
3.228 7053
3.336 7037
3.487 7032
3.596 7032
3.766 7032
4.015 7032
4.144 7029
4.269 7029
4.435 7027
4.544 7027
4.659 7022
4.769 7019
5.005 7008
5.224 7001
5.377 7001
5.519 6986
5.735 6986
6.017 6986
6.12 6985
6.332 6985
6.452 6982
6.725 6980
6.864 6977
7.038 6970
7.211 6970
7.367 6965
7.464 6965
7.676 6965
7.823 6965
8.009 6963
8.241 6959
8.351 6959
8.452 6955
8.673 6952
8.787 6949
8.893 6949
9.042 6949
9.273 6944
9.472 6940
9.628 6938
9.738 6938
9.861 6938
9.963 6937
