0 7562
0.12 7391
0.405 7308
0.588 7285
0.714 7275
0.821 7251
1.015 7223
1.162 7193
1.316 7167
1.444 7167
1.568 7152
1.758 7131
1.937 7126
2.161 7111
2.398 7097
2.55 7090
2.729 7078
2.913 7067
3.05 7064
3.218 7063
3.33 7051
3.383 7051
3.529 7051
3.664 7051
3.838 7044
4.04 7040
4.249 7040
4.417 7020
4.533 7020
4.75 7015
4.913 7009
5.047 7000
5.223 7000
5.331 7000
5.556 6998
5.756 6998
5.965 6986
6.111 6980
6.226 6980
6.359 6973
6.547 6973
6.698 6973
6.913 6973
7.044 6973
7.278 6971
7.365 6971
7.511 6963
7.641 6963
7.768 6956
7.955 6956
8.113 6956
8.225 6956
8.316 6956
8.436 6955
8.561 6954
8.673 6952
8.927 6947
8.995 6947
9.182 6942
9.35 6942
9.485 6942
9.598 6942
9.782 6942
9.945 6942
10.054 6938
