0 7600
0.128 7404
0.311 7336
0.431 7293
0.626 7275
0.723 7250
0.93 7208
1.127 7206
1.298 7178
1.395 7157
1.568 7157
1.705 7157
1.822 7142
1.96 7125
2.265 7115
2.474 7104
2.545 7096
2.699 7095
2.917 7089
3.078 7081
3.263 7079
3.445 7069
3.571 7063
3.73 7057
3.95 7057
4.265 7041
4.507 7041
4.773 7035
4.918 7025
5.049 7020
5.243 7020
5.407 7014
5.584 7014
5.722 7009
5.919 7009
6.059 7009
6.278 7001
6.449 6993
6.589 6993
6.735 6993
6.916 6989
7.017 6989
7.209 6987
7.377 6987
7.636 6986
7.793 6982
7.958 6981
8.168 6973
8.319 6962
8.477 6962
8.629 6962
8.783 6960
8.888 6960
9.069 6960
9.312 6952
9.482 6952
9.655 6952
9.843 6950
10.046 6950
