0 7636
0.082 7397
0.33 7315
0.457 7278
0.684 7246
0.794 7224
0.948 7195
1.121 7195
1.332 7193
1.47 7171
1.612 7171
1.886 7146
2.053 7139
2.186 7135
2.37 7116
2.569 7116
2.735 7109
2.924 7102
3.089 7093
3.272 7093
3.417 7081
3.605 7079
3.779 7068
3.834 7058
4.063 7058
4.216 7038
4.314 7038
4.602 7029
4.817 7026
5.012 7026
5.198 7026
5.379 7018
5.482 7016
5.78 7006
5.92 7003
6.105 6996
6.207 6996
6.354 6993
6.558 6989
6.706 6989
6.967 6984
7.11 6980
7.259 6979
7.35 6974
7.479 6974
7.602 6964
7.763 6964
7.925 6964
8.103 6964
8.264 6964
8.435 6961
8.617 6961
8.796 6958
8.906 6955
9.067 6955
9.24 6954
9.35 6950
9.51 6950
9.606 6950
9.842 6946
10.002 6946
