0 3800
0.035 3701
0.179 3667
0.283 3636
0.377 3632
0.428 3603
0.54 3586
0.658 3586
0.747 3586
0.841 3577
0.919 3577
1.009 3571
1.085 3566
1.155 3564
1.267 3553
1.348 3551
1.452 3551
1.544 3541
1.654 3541
1.793 3540
1.94 3537
2.083 3528
2.171 3528
2.239 3525
2.339 3520
2.429 3520
2.534 3518
2.616 3518
2.718 3514
2.812 3513
2.919 3510
2.979 3510
3.069 3505
3.142 3505
3.248 3505
3.345 3503
3.463 3500
3.575 3500
3.703 3496
3.786 3496
3.908 3496
3.989 3496
4.056 3492
4.189 3489
4.243 3489
4.294 3485
4.343 3485
4.41 3484
4.478 3484
4.576 3482
4.652 3482
4.734 3482
4.816 3481
4.884 3481
4.994 3481
5.061 3481
5.158 3481
5.219 3481
5.33 3481
5.397 3481
5.473 3481
5.568 3481
5.696 3481
5.769 3481
5.876 3478
5.962 3475
6.089 3473
6.145 3473
6.23 3473
6.333 3472
6.452 3470
6.516 3470
6.573 3470
6.64 3468
6.772 3465
6.812 3465
6.871 3465
6.933 3464
6.997 3464
7.157 3463
7.242 3463
7.321 3462
7.394 3462
7.505 3462
7.594 3462
7.752 3462
7.821 3462
7.891 3462
8.012 3460
8.082 3460
8.173 3460
8.254 3460
8.326 3460
8.409 3460
8.529 3459
8.65 3459
8.755 3459
8.82 3457
8.905 3457
9.06 3456
9.204 3456
9.269 3456
9.376 3456
9.482 3456
9.553 3456
9.671 3455
9.777 3455
9.843 3455
9.924 3455
9.972 3455
