0 3811
0.036 3704
0.156 3658
0.233 3658
0.329 3637
0.422 3628
0.521 3628
0.594 3614
0.683 3592
0.779 3585
0.854 3572
0.903 3572
0.967 3564
1.086 3564
1.169 3562
1.237 3562
1.365 3546
1.476 3541
1.566 3533
1.662 3533
1.756 3533
1.914 3527
2.014 3526
2.126 3523
2.243 3515
2.402 3509
2.496 3506
2.569 3506
2.649 3501
2.775 3498
2.86 3498
2.968 3497
3.066 3493
3.144 3491
3.268 3486
3.328 3486
3.449 3484
3.57 3484
3.621 3480
3.736 3480
3.842 3477
3.96 3476
4.062 3475
4.161 3475
4.213 3475
4.296 3474
4.365 3474
4.403 3474
4.51 3472
4.595 3472
4.689 3472
4.764 3469
4.85 3469
4.989 3468
5.089 3468
5.209 3465
5.338 3464
5.49 3463
5.591 3452
5.689 3452
5.793 3452
5.877 3452
5.957 3452
6.028 3452
6.104 3452
6.149 3452
6.227 3452
6.281 3452
6.338 3452
6.397 3452
6.452 3452
6.573 3452
6.647 3452
6.744 3452
6.801 3452
6.872 3452
6.933 3452
7.045 3452
7.116 3452
7.198 3452
7.296 3452
7.387 3452
7.474 3452
7.535 3452
7.65 3450
7.695 3450
7.787 3450
7.893 3450
8 3450
8.073 3450
8.208 3450
8.311 3450
8.385 3450
8.483 3450
8.554 3448
8.674 3448
8.775 3446
8.852 3444
8.962 3444
9.019 3444
9.089 3441
9.144 3441
9.263 3441
9.334 3441
9.385 3441
9.502 3440
9.605 3440
9.637 3440
9.71 3440
9.846 3440
9.95 3440
