0 3820
0.077 3702
0.265 3655
0.365 3638
0.528 3624
0.64 3610
0.74 3602
0.771 3594
0.897 3584
0.994 3580
1.115 3559
1.177 3559
1.371 3557
1.456 3557
1.534 3550
1.673 3547
1.758 3540
1.844 3537
1.96 3532
2.066 3525
2.112 3525
2.149 3525
2.242 3517
2.311 3517
2.38 3517
2.45 3517
2.553 3517
2.624 3515
2.741 3510
2.867 3508
2.962 3502
3.073 3502
3.155 3497
3.262 3497
3.371 3497
3.424 3497
3.49 3492
3.55 3492
3.616 3491
3.702 3488
3.792 3488
3.854 3488
3.946 3488
4.02 3488
4.087 3488
4.164 3485
4.218 3483
4.335 3483
4.393 3483
4.437 3482
4.53 3482
4.6 3480
4.682 3480
4.763 3480
4.814 3477
4.863 3477
4.916 3477
4.994 3477
5.012 3476
5.079 3476
5.161 3476
5.249 3476
5.342 3476
5.423 3476
5.484 3475
5.583 3475
5.671 3471
5.771 3471
5.832 3471
5.926 3471
5.968 3471
6.038 3471
6.127 3471
6.174 3470
6.278 3470
6.347 3468
6.42 3468
6.52 3468
6.628 3466
6.706 3466
6.767 3466
6.824 3463
6.934 3463
6.982 3463
7.044 3463
7.091 3460
7.141 3460
7.262 3460
7.314 3460
7.402 3460
7.491 3460
7.591 3460
7.68 3459
7.724 3459
7.782 3459
7.846 3459
7.927 3458
7.983 3458
8.09 3457
8.154 3457
8.264 3457
8.366 3457
8.446 3457
8.516 3457
8.563 3454
8.682 3454
8.784 3454
8.887 3454
8.945 3454
8.991 3454
9.065 3454
9.155 3454
9.223 3453
9.254 3453
9.296 3453
9.388 3453
9.415 3453
9.532 3453
9.6 3453
9.668 3453
9.744 3453
9.824 3453
9.907 3453
9.97 3453
