0 3809
0.137 3711
0.287 3670
0.369 3646
0.498 3621
0.632 3621
0.729 3621
0.842 3607
0.937 3598
1.044 3583
1.171 3583
1.333 3572
1.503 3558
1.593 3555
1.722 3547
1.974 3539
2.127 3539
2.323 3534
2.414 3534
2.62 3532
2.73 3523
2.848 3523
2.934 3523
3.069 3523
3.225 3518
3.394 3517
3.505 3517
3.609 3517
3.705 3514
3.769 3514
3.9 3505
3.981 3505
4.241 3497
4.314 3497
4.454 3494
4.549 3494
4.677 3490
4.817 3485
4.95 3484
5 3484
5.079 3484
5.19 3483
5.327 3483
5.384 3483
5.46 3482
5.583 3482
5.751 3476
5.875 3476
5.946 3476
6.03 3474
6.137 3474
6.203 3473
6.279 3472
6.376 3472
6.509 3472
6.637 3472
6.739 3469
6.802 3469
6.895 3469
6.991 3469
7.111 3469
7.203 3469
7.385 3468
7.473 3467
7.566 3461
7.662 3461
7.744 3461
7.813 3461
7.894 3461
8.008 3459
8.086 3459
8.218 3458
8.296 3455
8.433 3455
8.529 3455
8.659 3455
8.758 3455
8.839 3455
8.947 3454
9.062 3454
9.132 3454
9.245 3454
9.317 3454
9.483 3454
9.6 3454
9.683 3454
9.784 3454
9.886 3454
9.945 3454
10.089 3454
