0 3799
0.072 3692
0.18 3659
0.306 3633
0.452 3609
0.532 3602
0.611 3588
0.674 3581
0.753 3578
0.818 3571
0.892 3568
0.989 3567
1.076 3552
1.197 3552
1.295 3552
1.358 3552
1.435 3549
1.535 3546
1.6 3542
1.688 3536
1.751 3536
1.892 3526
1.954 3526
2.029 3526
2.096 3524
2.154 3520
2.253 3517
2.355 3517
2.395 3517
2.522 3517
2.614 3513
2.772 3513
2.869 3509
2.933 3508
3.057 3508
3.13 3506
3.212 3503
3.285 3500
3.391 3498
3.498 3498
3.552 3497
3.635 3497
3.764 3496
3.836 3496
3.931 3493
4.012 3493
4.096 3493
4.169 3490
4.25 3490
4.317 3490
4.404 3487
4.5 3487
4.566 3487
4.637 3486
4.691 3484
4.785 3482
4.921 3482
5.033 3482
5.109 3482
5.166 3482
5.253 3482
5.36 3482
5.417 3482
5.555 3479
5.656 3479
5.709 3479
5.782 3479
5.847 3476
5.929 3473
6.031 3473
6.1 3473
6.169 3473
6.275 3473
6.387 3472
6.471 3472
6.624 3472
6.681 3470
6.812 3470
6.891 3468
6.997 3468
7.079 3468
7.164 3468
7.237 3467
7.31 3467
7.402 3467
7.498 3466
7.59 3465
7.665 3464
7.742 3464
7.842 3464
7.962 3464
8.031 3464
8.097 3464
8.211 3464
8.309 3462
8.348 3462
8.409 3462
8.449 3461
8.597 3461
8.662 3461
8.716 3460
8.761 3460
8.853 3460
8.964 3460
9.049 3460
9.128 3460
9.212 3453
9.33 3451
9.39 3451
9.468 3450
9.551 3450
9.647 3450
9.748 3447
9.878 3447
9.923 3447
9.979 3446
