0 3812
0.084 3706
0.207 3665
0.304 3645
0.408 3639
0.513 3627
0.654 3621
0.808 3596
0.924 3587
1.094 3573
1.241 3568
1.33 3566
1.43 3558
1.566 3554
1.678 3553
1.865 3537
1.974 3537
2.084 3530
2.225 3525
2.256 3525
2.376 3519
2.456 3519
2.541 3519
2.64 3512
2.74 3508
2.914 3508
3.064 3508
3.178 3504
3.292 3502
3.386 3502
3.526 3499
3.631 3499
3.727 3499
3.878 3499
3.951 3492
4.081 3490
4.112 3490
4.272 3488
4.394 3486
4.558 3486
4.741 3482
4.826 3482
5.002 3481
5.14 3481
5.234 3481
5.345 3481
5.437 3480
5.489 3480
5.595 3478
5.721 3478
5.793 3471
5.949 3471
6.001 3471
6.114 3471
6.156 3471
6.279 3471
6.391 3471
6.48 3471
6.58 3469
6.709 3469
6.851 3468
6.978 3468
7.051 3468
7.199 3468
7.339 3465
7.515 3463
7.587 3463
7.698 3463
7.79 3462
7.875 3461
7.962 3461
8.052 3461
8.16 3459
8.312 3458
8.509 3458
8.605 3458
8.736 3458
8.783 3457
8.85 3457
8.961 3457
9.122 3457
9.221 3457
9.341 3456
9.491 3455
9.578 3455
9.675 3455
9.771 3455
9.89 3455
10.047 3455
