0 3799
0.069 3695
0.217 3660
0.283 3627
0.339 3608
0.398 3608
0.466 3592
0.537 3592
0.618 3579
0.689 3579
0.735 3579
0.851 3579
0.941 3571
1.018 3571
1.104 3557
1.154 3549
1.235 3549
1.294 3549
1.428 3542
1.508 3536
1.549 3536
1.629 3536
1.708 3530
1.834 3527
1.925 3524
1.999 3524
2.075 3524
2.168 3519
2.227 3519
2.267 3519
2.358 3509
2.413 3509
2.495 3509
2.555 3509
2.63 3502
2.706 3501
2.794 3500
2.835 3500
2.906 3499
2.985 3499
3.062 3497
3.204 3489
3.286 3488
3.395 3488
3.451 3488
3.519 3488
3.573 3488
3.629 3483
3.676 3483
3.742 3483
3.804 3483
3.883 3483
4.002 3482
4.074 3482
4.17 3480
4.242 3477
4.319 3477
4.379 3477
4.455 3477
4.514 3477
4.562 3470
4.654 3468
4.696 3468
4.756 3468
4.823 3468
4.875 3468
5.006 3468
5.078 3468
5.129 3468
5.221 3468
5.26 3468
5.37 3468
5.485 3467
5.593 3466
5.716 3464
5.779 3463
5.842 3463
5.967 3461
6.054 3461
6.106 3461
6.206 3461
6.27 3461
6.369 3459
6.447 3459
6.573 3459
6.678 3459
6.756 3457
6.824 3457
6.883 3457
6.95 3455
7.046 3455
7.112 3454
7.189 3454
7.227 3454
7.348 3454
7.424 3452
7.472 3452
7.564 3452
7.608 3452
7.671 3452
7.724 3452
7.8 3452
7.931 3449
7.979 3449
8.054 3449
8.139 3449
8.251 3449
8.334 3449
8.432 3449
8.483 3449
8.579 3449
8.657 3449
8.737 3449
8.832 3449
8.921 3449
8.976 3449
9.037 3449
9.099 3448
9.16 3448
9.2 3448
9.328 3448
9.418 3448
9.454 3448
9.512 3448
9.602 3447
9.649 3447
9.703 3447
9.761 3447
9.86 3447
9.946 3440
10.034 3440
