0 3811
0.153 3690
0.302 3668
0.509 3649
0.694 3635
0.828 3624
1.003 3609
1.244 3596
1.398 3596
1.658 3576
1.827 3576
2.025 3563
2.148 3563
2.303 3551
2.459 3551
2.699 3547
2.926 3542
3.023 3537
3.201 3534
3.371 3528
3.553 3516
3.676 3516
3.845 3516
4.023 3516
4.21 3511
4.41 3511
4.503 3510
4.641 3506
4.838 3504
4.964 3504
5.102 3504
5.279 3502
5.479 3502
5.693 3498
5.899 3497
6.108 3495
6.24 3495
6.423 3495
6.639 3493
6.787 3487
6.915 3487
7.203 3487
7.308 3487
7.51 3487
7.741 3484
7.883 3484
8.101 3484
8.347 3481
8.531 3476
8.686 3472
8.817 3472
9.014 3472
9.196 3472
9.378 3472
9.641 3472
9.797 3469
9.996 3469
10.144 3469
