0 3809
0.113 3691
0.211 3657
0.259 3650
0.365 3624
0.451 3594
0.573 3594
0.639 3591
0.683 3587
0.752 3569
0.833 3568
0.916 3568
1.002 3568
1.109 3555
1.193 3553
1.298 3547
1.389 3547
1.467 3536
1.55 3535
1.624 3535
1.73 3525
1.819 3519
1.894 3519
1.952 3519
2.054 3515
2.133 3515
2.203 3515
2.267 3510
2.349 3504
2.438 3504
2.499 3501
2.556 3501
2.649 3501
2.723 3501
2.812 3501
2.874 3500
2.956 3497
3.03 3497
3.116 3490
3.208 3490
3.283 3486
3.397 3486
3.458 3486
3.538 3485
3.583 3485
3.673 3485
3.747 3485
3.789 3485
3.891 3485
3.984 3480
4.04 3476
4.083 3476
4.194 3473
4.275 3473
4.373 3473
4.479 3473
4.576 3473
4.676 3471
4.736 3471
4.826 3471
4.923 3470
5.01 3470
5.073 3464
5.164 3461
5.26 3461
5.342 3461
5.418 3461
5.509 3461
5.61 3461
5.714 3461
5.808 3460
5.867 3460
5.951 3460
6.023 3459
6.103 3459
6.192 3459
6.263 3459
6.305 3459
6.4 3458
6.497 3458
6.538 3457
6.603 3457
6.649 3457
6.736 3457
6.819 3454
6.889 3454
6.99 3454
7.034 3454
7.101 3454
7.157 3453
7.262 3453
7.382 3451
7.449 3449
7.522 3449
7.592 3449
7.693 3449
7.789 3449
7.893 3449
7.954 3448
8.005 3448
8.092 3448
8.147 3448
8.247 3448
8.359 3448
8.46 3448
8.505 3447
8.541 3447
8.606 3447
8.691 3447
8.771 3447
8.847 3447
8.963 3446
9.024 3445
9.078 3445
9.206 3445
9.26 3445
9.374 3445
9.48 3444
9.57 3444
9.617 3444
9.671 3444
9.767 3444
9.866 3444
9.96 3444
