0 3809
0.076 3700
0.214 3660
0.29 3643
0.332 3641
0.432 3633
0.488 3619
0.547 3619
0.632 3615
0.676 3608
0.78 3597
0.878 3582
0.991 3578
1.103 3566
1.178 3566
1.222 3564
1.294 3560
1.359 3557
1.436 3540
1.511 3540
1.58 3536
1.642 3536
1.711 3536
1.781 3533
1.873 3530
1.95 3520
2.085 3514
2.184 3512
2.259 3512
2.32 3512
2.478 3512
2.576 3510
2.67 3508
2.764 3504
2.83 3500
2.924 3500
3.01 3500
3.093 3500
3.186 3498
3.293 3495
3.369 3493
3.483 3492
3.513 3492
3.586 3490
3.652 3490
3.753 3489
3.834 3489
3.897 3489
3.965 3488
4.034 3481
4.118 3479
4.201 3479
4.276 3476
4.337 3476
4.393 3476
4.462 3473
4.541 3473
4.62 3473
4.724 3473
4.812 3473
4.872 3473
4.935 3473
5.038 3472
5.108 3472
5.168 3472
5.244 3472
5.301 3470
5.358 3470
5.49 3469
5.597 3467
5.668 3467
5.728 3467
5.822 3466
5.864 3466
5.964 3463
6.052 3463
6.108 3463
6.157 3463
6.228 3462
6.28 3462
6.349 3462
6.407 3462
6.498 3461
6.599 3461
6.641 3461
6.751 3460
6.821 3460
6.944 3460
7.029 3457
7.097 3457
7.218 3457
7.28 3457
7.347 3457
7.42 3456
7.523 3456
7.611 3452
7.644 3452
7.752 3452
7.816 3452
7.895 3451
7.987 3451
8.053 3450
8.106 3450
8.173 3450
8.286 3449
8.365 3449
8.406 3448
8.448 3448
8.582 3448
8.654 3448
8.706 3448
8.766 3447
8.845 3444
8.929 3444
9.006 3444
9.07 3444
9.112 3444
9.162 3444
9.238 3444
9.355 3444
9.418 3444
9.493 3444
9.602 3439
9.67 3439
9.746 3439
9.809 3439
9.915 3439
10.006 3439
