0 3800
0.094 3695
0.28 3660
0.39 3636
0.556 3616
0.711 3608
0.878 3597
0.998 3592
1.099 3578
1.25 3578
1.371 3574
1.475 3567
1.595 3567
1.669 3563
1.795 3563
1.948 3560
2.036 3560
2.182 3546
2.344 3542
2.486 3541
2.623 3535
2.77 3535
2.927 3533
3.034 3532
3.148 3530
3.306 3526
3.405 3523
3.478 3523
3.614 3522
3.778 3512
3.898 3509
3.98 3509
4.1 3504
4.263 3504
4.317 3504
4.459 3499
4.598 3499
4.741 3499
4.866 3499
5 3499
5.12 3496
5.277 3492
5.409 3488
5.518 3488
5.644 3488
5.784 3485
5.884 3485
6.074 3484
6.172 3484
6.278 3484
6.456 3482
6.573 3482
6.69 3482
6.793 3482
6.981 3478
7.116 3475
7.245 3475
7.344 3475
7.435 3474
7.554 3474
7.607 3474
7.721 3474
7.895 3474
7.963 3473
8.037 3473
8.177 3473
8.274 3473
8.374 3472
8.446 3472
8.554 3472
8.626 3472
8.718 3471
8.862 3471
8.995 3471
9.152 3471
9.233 3471
9.312 3471
9.426 3470
9.507 3470
9.668 3470
9.791 3470
9.923 3468
10.063 3468
