0 3809
0.08 3696
0.185 3662
0.252 3658
0.352 3638
0.413 3624
0.469 3603
0.553 3603
0.579 3603
0.638 3596
0.721 3592
0.801 3580
0.854 3579
0.901 3579
0.973 3564
1.058 3564
1.139 3557
1.192 3546
1.268 3539
1.331 3539
1.383 3538
1.504 3530
1.611 3529
1.658 3524
1.737 3522
1.8 3519
1.869 3517
1.946 3512
1.99 3512
2.058 3508
2.164 3508
2.221 3506
2.283 3503
2.351 3503
2.406 3503
2.465 3502
2.538 3499
2.582 3494
2.652 3494
2.73 3490
2.806 3490
2.875 3490
2.928 3488
2.991 3488
3.056 3488
3.136 3488
3.23 3485
3.288 3485
3.372 3485
3.428 3484
3.48 3484
3.548 3481
3.646 3480
3.743 3478
3.785 3478
3.875 3476
3.943 3475
3.983 3475
4.052 3475
4.091 3474
4.146 3471
4.256 3471
4.319 3471
4.397 3471
4.482 3469
4.574 3468
4.664 3467
4.755 3467
4.819 3466
4.874 3466
4.965 3464
5.01 3464
5.086 3463
5.145 3463
5.242 3462
5.305 3462
5.391 3460
5.492 3460
5.584 3460
5.646 3460
5.717 3460
5.777 3460
5.829 3460
5.884 3459
5.929 3459
6.009 3459
6.057 3458
6.15 3458
6.245 3457
6.307 3456
6.37 3456
6.439 3456
6.553 3456
6.579 3456
6.629 3456
6.682 3456
6.735 3455
6.793 3454
6.858 3454
6.934 3453
7.003 3453
7.068 3453
7.152 3453
7.246 3453
7.338 3453
7.433 3453
7.518 3451
7.59 3451
7.673 3451
7.744 3451
7.834 3451
7.928 3451
7.996 3450
8.091 3450
8.166 3450
8.272 3450
8.346 3450
8.415 3448
8.483 3448
8.553 3447
8.638 3447
8.749 3446
8.865 3446
8.928 3444
8.967 3444
9.05 3444
9.123 3444
9.223 3444
9.324 3444
9.371 3444
9.479 3444
9.545 3444
9.623 3444
9.695 3444
9.783 3444
9.827 3444
9.875 3444
9.92 3444
9.968 3443
10.047 3443
