0 3807
0.07 3694
0.194 3662
0.303 3643
0.403 3623
0.47 3615
0.536 3611
0.6 3595
0.681 3584
0.732 3579
0.814 3568
0.851 3558
0.978 3543
1.03 3543
1.11 3543
1.192 3536
1.252 3524
1.319 3524
1.398 3524
1.452 3524
1.514 3523
1.591 3523
1.67 3518
1.755 3518
1.812 3508
1.914 3506
1.99 3506
2.068 3502
2.13 3502
2.238 3502
2.297 3502
2.32 3502
2.408 3499
2.515 3496
2.617 3490
2.739 3488
2.788 3488
2.866 3488
2.937 3485
2.984 3483
3.032 3483
3.137 3480
3.189 3478
3.265 3478
3.334 3476
3.385 3476
3.464 3476
3.517 3476
3.628 3476
3.684 3473
3.762 3471
3.843 3471
3.915 3471
3.969 3466
4.029 3466
4.125 3464
4.217 3464
4.27 3464
4.393 3464
4.458 3464
4.538 3463
4.664 3463
4.763 3463
4.819 3463
4.874 3462
5.029 3462
5.137 3458
5.209 3458
5.272 3458
5.334 3458
5.425 3458
5.545 3458
5.603 3458
5.66 3456
5.746 3455
5.834 3455
5.899 3455
5.979 3455
6.071 3455
6.2 3455
6.276 3455
6.331 3455
6.434 3453
6.498 3453
6.6 3453
6.682 3451
6.743 3451
6.804 3451
6.884 3451
7.005 3451
7.08 3451
7.14 3449
7.221 3449
7.258 3449
7.35 3449
7.457 3449
7.525 3449
7.57 3449
7.651 3447
7.704 3447
7.788 3447
7.873 3447
7.925 3446
8.001 3446
8.065 3446
8.156 3445
8.222 3445
8.279 3445
8.358 3444
8.443 3444
8.541 3444
8.601 3441
8.639 3441
8.723 3441
8.78 3441
8.838 3441
8.915 3441
8.978 3440
9.03 3440
9.098 3440
9.193 3440
9.24 3440
9.338 3440
9.405 3440
9.472 3440
9.585 3440
9.653 3440
9.736 3440
9.819 3440
9.877 3440
9.949 3440
10.038 3440
