0 3807
0.044 3702
0.178 3666
0.304 3638
0.355 3632
0.399 3609
0.495 3608
0.578 3584
0.647 3567
0.761 3565
0.829 3558
0.905 3552
0.95 3552
1.019 3541
1.089 3541
1.176 3541
1.238 3535
1.318 3533
1.369 3533
1.439 3532
1.508 3532
1.588 3532
1.679 3524
1.72 3524
1.801 3518
1.877 3518
1.958 3518
2.082 3514
2.159 3512
2.261 3510
2.368 3507
2.446 3507
2.523 3505
2.555 3500
2.636 3500
2.718 3500
2.796 3497
2.931 3495
3.001 3495
3.057 3490
3.176 3490
3.241 3490
3.298 3490
3.407 3489
3.487 3488
3.565 3482
3.664 3482
3.702 3482
3.808 3482
3.902 3478
3.982 3478
4.076 3476
4.15 3476
4.266 3476
4.33 3476
4.379 3475
4.447 3474
4.481 3474
4.519 3474
4.58 3473
4.662 3470
4.716 3470
4.803 3469
4.918 3468
5.023 3468
5.114 3468
5.2 3466
5.319 3465
5.39 3465
5.433 3464
5.496 3464
5.592 3463
5.678 3463
5.726 3462
5.802 3460
5.863 3460
5.993 3460
6.043 3459
6.14 3459
6.249 3459
6.34 3458
6.413 3456
6.466 3456
6.553 3456
6.678 3453
6.74 3453
6.822 3453
6.884 3453
6.987 3453
7.118 3453
7.223 3453
7.375 3452
7.486 3452
7.535 3452
7.623 3452
7.69 3452
7.741 3452
7.834 3452
7.987 3452
8.117 3452
8.215 3451
8.278 3451
8.371 3449
8.433 3449
8.587 3449
8.68 3449
8.734 3449
8.876 3449
8.952 3449
9.108 3449
9.207 3449
9.308 3447
9.362 3446
9.509 3446
9.618 3446
9.675 3446
9.735 3446
9.882 3446
9.967 3446
10.042 3446
