0 3802
0.15 3702
0.379 3664
0.604 3640
0.695 3629
0.895 3606
1.075 3594
1.273 3585
1.427 3573
1.539 3560
1.7 3560
1.87 3557
2.025 3557
2.127 3555
2.331 3545
2.423 3539
2.542 3537
2.652 3534
2.776 3531
2.888 3528
3.013 3523
3.137 3523
3.227 3522
3.407 3522
3.501 3517
3.631 3517
3.688 3517
3.833 3511
4.003 3511
4.114 3505
4.177 3505
4.284 3503
4.354 3503
4.523 3503
4.655 3503
4.74 3501
4.865 3501
4.997 3497
5.113 3497
5.21 3495
5.32 3495
5.394 3495
5.543 3494
5.652 3489
5.778 3488
5.899 3488
6.066 3486
6.218 3482
6.341 3482
6.41 3479
6.522 3475
6.633 3473
6.685 3473
6.807 3473
6.919 3473
7.057 3472
7.227 3470
7.35 3470
7.451 3470
7.526 3470
7.633 3468
7.762 3468
7.851 3468
7.944 3468
8.05 3468
8.103 3468
8.164 3468
8.288 3467
8.352 3467
8.442 3467
8.583 3467
8.722 3467
8.815 3465
8.905 3465
9.017 3465
9.074 3465
9.176 3465
9.321 3465
9.427 3465
9.55 3465
9.667 3463
9.761 3460
9.853 3459
9.95 3459
10.061 3459
