0 3807
0.053 3703
0.166 3655
0.262 3642
0.353 3633
0.439 3620
0.564 3607
0.668 3589
0.767 3580
0.884 3571
0.979 3565
1.069 3557
1.133 3557
1.235 3557
1.31 3550
1.384 3548
1.457 3545
1.524 3545
1.622 3537
1.711 3531
1.805 3531
1.918 3524
2.023 3519
2.122 3511
2.22 3511
2.301 3509
2.435 3509
2.518 3509
2.613 3509
2.659 3509
2.765 3507
2.859 3503
2.959 3497
3.064 3497
3.132 3497
3.267 3497
3.324 3492
3.417 3492
3.504 3492
3.574 3490
3.701 3488
3.793 3488
3.88 3488
3.971 3485
4.051 3485
4.105 3485
4.221 3485
4.317 3481
4.452 3480
4.598 3479
4.648 3479
4.795 3476
4.892 3476
4.925 3476
5.066 3474
5.141 3468
5.212 3468
5.298 3468
5.402 3468
5.437 3468
5.519 3468
5.592 3468
5.659 3468
5.779 3468
5.906 3468
6.018 3468
6.13 3465
6.237 3465
6.348 3465
6.488 3463
6.528 3463
6.639 3461
6.7 3461
6.791 3461
6.903 3461
6.973 3461
7.033 3461
7.108 3460
7.195 3460
7.314 3459
7.373 3459
7.494 3457
7.568 3456
7.648 3456
7.712 3456
7.79 3456
7.835 3456
7.887 3456
7.974 3454
8.092 3454
8.218 3454
8.325 3454
8.402 3454
8.502 3454
8.626 3452
8.715 3452
8.799 3452
8.869 3452
8.925 3452
8.983 3452
9.033 3451
9.082 3451
9.23 3451
9.29 3451
9.409 3451
9.475 3450
9.538 3443
9.588 3443
9.694 3443
9.792 3443
9.882 3443
10.009 3443
