0 3812
0.102 3696
0.218 3670
0.267 3639
0.342 3637
0.424 3633
0.535 3599
0.629 3590
0.7 3579
0.763 3578
0.849 3570
0.917 3570
1.009 3559
1.102 3554
1.201 3550
1.24 3547
1.334 3545
1.406 3541
1.503 3531
1.653 3530
1.739 3530
1.821 3527
1.925 3520
2.013 3519
2.126 3519
2.189 3516
2.267 3513
2.347 3512
2.418 3507
2.5 3500
2.596 3500
2.691 3500
2.766 3497
2.821 3497
2.879 3496
2.974 3496
3.064 3496
3.169 3496
3.267 3495
3.339 3493
3.416 3490
3.513 3488
3.586 3488
3.673 3488
3.782 3485
3.812 3481
3.892 3480
3.982 3480
4.07 3478
4.183 3478
4.242 3478
4.302 3478
4.359 3478
4.434 3478
4.568 3473
4.656 3473
4.729 3473
4.787 3473
4.852 3472
4.915 3472
4.997 3472
5.077 3472
5.212 3472
5.322 3471
5.391 3470
5.477 3470
5.514 3468
5.599 3466
5.673 3466
5.758 3465
5.821 3463
5.909 3461
5.964 3461
6.06 3461
6.134 3461
6.201 3461
6.266 3461
6.353 3461
6.399 3461
6.481 3459
6.545 3459
6.605 3459
6.718 3458
6.815 3458
6.911 3458
6.956 3457
7.025 3456
7.104 3456
7.137 3456
7.175 3456
7.253 3456
7.339 3456
7.442 3456
7.535 3456
7.609 3455
7.715 3454
7.801 3454
7.854 3454
7.914 3454
7.994 3453
8.034 3452
8.092 3452
8.163 3452
8.228 3450
8.29 3450
8.353 3450
8.399 3450
8.477 3450
8.586 3450
8.66 3450
8.785 3450
8.844 3450
8.889 3450
8.959 3448
9.032 3448
9.064 3448
9.157 3448
9.265 3448
9.315 3448
9.42 3448
9.454 3448
9.512 3448
9.587 3448
9.65 3448
9.712 3448
9.736 3448
9.779 3448
9.833 3448
9.908 3447
9.952 3447
10.038 3446
