0 3799
0.105 3703
0.232 3671
0.43 3650
0.558 3644
0.738 3633
0.92 3624
1.076 3624
1.252 3601
1.38 3601
1.613 3581
1.94 3569
2.208 3569
2.375 3568
2.585 3561
2.832 3555
3.155 3545
3.3 3545
3.56 3535
3.685 3532
3.953 3529
4.215 3526
4.292 3526
4.478 3526
4.659 3525
4.833 3522
4.992 3516
5.201 3516
5.323 3515
5.573 3508
5.742 3505
5.989 3505
6.142 3505
6.386 3502
6.762 3494
6.996 3494
7.169 3494
7.377 3493
7.57 3493
7.715 3493
7.924 3493
8.075 3493
8.274 3490
8.487 3490
8.652 3489
8.818 3484
8.927 3481
9.121 3481
9.335 3481
9.558 3480
9.676 3480
9.837 3480
9.924 3480
10.166 3477
