0 3811
0.107 3702
0.258 3665
0.324 3646
0.454 3628
0.625 3608
0.786 3606
0.944 3582
1.047 3580
1.151 3580
1.269 3580
1.357 3576
1.509 3565
1.694 3557
1.851 3551
1.942 3551
2.025 3551
2.202 3543
2.374 3537
2.531 3523
2.625 3523
2.75 3521
2.895 3517
2.983 3517
3.102 3517
3.211 3516
3.396 3511
3.537 3511
3.692 3507
3.828 3507
3.956 3502
4.081 3499
4.283 3499
4.413 3499
4.509 3497
4.63 3494
4.742 3492
4.845 3490
4.933 3490
5.12 3490
5.195 3490
5.284 3490
5.428 3488
5.601 3486
5.717 3486
5.852 3484
5.912 3481
6.099 3477
6.26 3475
6.339 3475
6.451 3473
6.63 3473
6.732 3471
6.881 3471
6.962 3471
7.088 3471
7.236 3471
7.316 3471
7.415 3471
7.502 3471
7.642 3471
7.804 3470
7.883 3467
8.006 3467
8.084 3467
8.216 3461
8.368 3457
8.515 3457
8.576 3457
8.645 3457
8.755 3457
8.889 3457
9.055 3457
9.114 3457
9.213 3457
9.298 3457
9.419 3455
9.541 3455
9.628 3455
9.73 3455
9.835 3455
9.971 3454
