0 3802
0.075 3700
0.186 3666
0.22 3649
0.304 3644
0.38 3635
0.461 3618
0.496 3603
0.564 3599
0.645 3586
0.725 3586
0.795 3572
0.875 3572
0.921 3569
0.979 3558
1.036 3554
1.142 3554
1.2 3553
1.287 3541
1.348 3535
1.473 3523
1.53 3523
1.6 3522
1.661 3522
1.747 3517
1.83 3517
1.9 3507
1.957 3507
2.025 3507
2.092 3503
2.166 3502
2.224 3502
2.308 3497
2.421 3495
2.469 3495
2.532 3495
2.601 3492
2.66 3492
2.751 3489
2.802 3489
2.888 3484
2.938 3481
3.028 3481
3.077 3481
3.181 3481
3.22 3481
3.278 3480
3.337 3480
3.429 3476
3.467 3476
3.517 3476
3.577 3476
3.646 3476
3.715 3476
3.774 3476
3.851 3476
3.905 3475
4.031 3475
4.092 3475
4.128 3475
4.196 3475
4.273 3473
4.361 3471
4.421 3471
4.483 3471
4.582 3471
4.628 3471
4.717 3471
4.791 3470
4.897 3469
4.969 3468
5.051 3468
5.149 3466
5.253 3462
5.318 3462
5.383 3461
5.467 3461
5.53 3461
5.561 3461
5.628 3461
5.748 3460
5.82 3460
5.912 3460
5.976 3460
6.057 3460
6.168 3460
6.258 3460
6.326 3457
6.446 3457
6.53 3457
6.666 3457
6.747 3456
6.793 3456
6.854 3455
6.959 3455
7.053 3455
7.11 3455
7.171 3455
7.245 3455
7.302 3455
7.352 3454
7.427 3454
7.461 3454
7.563 3454
7.693 3454
7.748 3454
7.788 3452
7.882 3452
7.987 3452
8.066 3452
8.166 3452
8.219 3452
8.255 3452
8.318 3450
8.394 3450
8.524 3450
8.599 3450
8.682 3450
8.724 3450
8.816 3450
8.867 3450
8.948 3449
9.037 3449
9.089 3449
9.158 3449
9.219 3449
9.326 3449
9.379 3449
9.473 3449
9.531 3449
9.626 3449
9.67 3449
9.739 3447
9.822 3447
9.856 3447
9.912 3447
9.97 3447
10.045 3446
