0 3811
0.068 3699
0.197 3646
0.266 3646
0.327 3646
0.432 3628
0.51 3628
0.603 3618
0.678 3615
0.792 3602
0.854 3595
0.94 3588
1.014 3585
1.107 3575
1.145 3564
1.21 3551
1.24 3551
1.303 3551
1.399 3546
1.456 3546
1.542 3539
1.604 3539
1.679 3539
1.79 3535
1.848 3533
1.961 3526
2.064 3523
2.173 3520
2.301 3512
2.384 3511
2.472 3505
2.556 3505
2.611 3499
2.648 3496
2.704 3496
2.767 3496
2.848 3496
2.904 3496
2.959 3495
3.044 3495
3.11 3495
3.193 3495
3.234 3491
3.362 3487
3.446 3487
3.486 3486
3.585 3486
3.631 3486
3.726 3483
3.841 3482
3.933 3482
4.033 3482
4.138 3480
4.224 3480
4.315 3480
4.398 3477
4.498 3477
4.636 3473
4.7 3473
4.736 3473
4.803 3470
4.901 3470
4.954 3470
4.985 3470
5.07 3470
5.19 3467
5.34 3467
5.392 3464
5.553 3464
5.629 3464
5.713 3462
5.768 3462
5.853 3462
5.886 3462
5.963 3461
5.999 3457
6.077 3457
6.192 3457
6.249 3455
6.329 3455
6.444 3455
6.557 3455
6.637 3452
6.687 3452
6.791 3450
6.892 3450
6.96 3450
7.038 3450
7.14 3450
7.244 3450
7.346 3450
7.436 3450
7.513 3450
7.578 3450
7.647 3449
7.721 3449
7.792 3449
7.855 3449
7.894 3449
7.96 3449
8.017 3449
8.066 3446
8.15 3446
8.182 3446
8.271 3446
8.334 3446
8.391 3445
8.507 3445
8.551 3445
8.606 3445
8.649 3445
8.714 3445
8.804 3444
8.877 3444
8.996 3443
9.073 3443
9.144 3442
9.231 3441
9.311 3441
9.38 3441
9.435 3441
9.508 3441
9.586 3439
9.649 3439
9.701 3439
9.802 3439
9.896 3439
9.964 3439
