0 3802
0.063 3703
0.136 3676
0.194 3669
0.287 3634
0.366 3623
0.438 3606
0.515 3606
0.609 3596
0.684 3588
0.753 3588
0.823 3578
0.887 3568
0.977 3568
1.076 3556
1.19 3553
1.269 3553
1.372 3550
1.487 3540
1.551 3538
1.627 3531
1.704 3528
1.77 3528
1.826 3528
1.917 3524
2.007 3516
2.091 3515
2.174 3515
2.225 3514
2.31 3511
2.403 3507
2.467 3507
2.55 3503
2.616 3503
2.684 3501
2.733 3500
2.799 3500
2.877 3496
2.938 3494
3.003 3493
3.092 3493
3.125 3493
3.181 3493
3.275 3490
3.363 3487
3.458 3487
3.513 3487
3.626 3485
3.683 3485
3.785 3480
3.872 3480
3.923 3480
3.998 3480
4.043 3477
4.116 3477
4.213 3477
4.278 3477
4.322 3477
4.407 3477
4.458 3477
4.531 3475
4.613 3474
4.648 3474
4.704 3474
4.775 3474
4.857 3471
4.902 3471
4.987 3471
5.049 3467
5.148 3467
5.253 3467
5.318 3467
5.414 3467
5.478 3467
5.54 3467
5.598 3467
5.664 3467
5.712 3467
5.774 3467
5.857 3467
5.911 3467
5.979 3467
6.048 3467
6.089 3467
6.187 3466
6.254 3466
6.341 3464
6.425 3462
6.531 3458
6.621 3458
6.728 3458
6.775 3458
6.885 3456
6.953 3456
7.017 3456
7.12 3456
7.217 3456
7.3 3456
7.409 3455
7.499 3455
7.586 3455
7.644 3455
7.698 3455
7.75 3454
7.823 3454
7.919 3454
8.04 3454
8.138 3453
8.167 3453
8.241 3452
8.309 3452
8.347 3450
8.41 3450
8.488 3450
8.54 3450
8.625 3450
8.7 3450
8.746 3450
8.829 3449
8.946 3449
9.003 3448
9.072 3448
9.147 3448
9.205 3448
9.29 3448
9.355 3448
9.443 3448
9.501 3448
9.642 3448
9.714 3448
9.785 3448
9.839 3448
9.916 3447
9.96 3447
