0 3800
0.061 3693
0.161 3655
0.239 3636
0.3 3634
0.391 3609
0.461 3609
0.524 3594
0.582 3588
0.672 3588
0.781 3581
0.838 3576
0.941 3571
1.066 3565
1.151 3558
1.231 3552
1.298 3546
1.377 3540
1.474 3534
1.575 3529
1.661 3524
1.768 3524
1.848 3524
1.948 3518
2.077 3513
2.199 3513
2.315 3513
2.412 3513
2.532 3507
2.604 3507
2.671 3498
2.734 3498
2.828 3498
2.913 3498
3.022 3498
3.122 3494
3.196 3493
3.257 3491
3.326 3489
3.432 3489
3.516 3489
3.623 3488
3.696 3481
3.736 3481
3.83 3481
3.909 3481
4.006 3481
4.062 3480
4.122 3479
4.188 3479
4.303 3479
4.374 3479
4.425 3478
4.479 3478
4.559 3478
4.625 3478
4.707 3478
4.795 3478
4.902 3478
4.954 3476
5.028 3476
5.097 3474
5.148 3474
5.243 3474
5.291 3473
5.432 3473
5.506 3473
5.579 3470
5.696 3470
5.758 3469
5.805 3466
5.866 3466
5.915 3464
6.017 3464
6.104 3464
6.179 3464
6.236 3461
6.335 3461
6.409 3460
6.52 3460
6.616 3460
6.681 3460
6.763 3460
6.823 3460
6.887 3460
6.998 3459
7.08 3459
7.15 3459
7.209 3459
7.294 3459
7.355 3459
7.459 3459
7.526 3459
7.608 3459
7.694 3459
7.777 3459
7.815 3459
7.937 3458
8.03 3458
8.121 3457
8.221 3457
8.311 3457
8.364 3457
8.513 3457
8.602 3457
8.729 3457
8.813 3455
8.902 3455
8.975 3455
9.103 3455
9.244 3454
9.324 3454
9.438 3454
9.565 3454
9.598 3454
9.683 3453
9.76 3453
9.822 3452
9.875 3452
9.989 3451
10.066 3451
