0 3820
0.067 3709
0.199 3661
0.314 3651
0.411 3631
0.481 3631
0.597 3617
0.68 3603
0.736 3603
0.795 3596
0.904 3594
0.981 3587
1.087 3582
1.147 3576
1.252 3574
1.401 3566
1.481 3551
1.564 3551
1.672 3551
1.772 3546
1.852 3541
2.022 3536
2.132 3527
2.249 3527
2.3 3525
2.368 3521
2.442 3518
2.527 3518
2.623 3518
2.696 3515
2.792 3515
2.855 3508
2.927 3503
3.018 3500
3.116 3495
3.159 3495
3.206 3495
3.327 3493
3.415 3493
3.492 3493
3.559 3493
3.652 3493
3.724 3493
3.839 3490
3.923 3490
3.99 3487
4.043 3487
4.128 3487
4.207 3487
4.292 3487
4.395 3487
4.495 3487
4.528 3485
4.61 3485
4.706 3485
4.809 3485
4.908 3485
4.968 3485
5.062 3482
5.131 3479
5.199 3479
5.248 3478
5.317 3478
5.456 3478
5.566 3476
5.636 3476
5.72 3476
5.818 3474
5.909 3474
6.021 3474
6.133 3472
6.206 3470
6.281 3470
6.394 3470
6.495 3466
6.566 3465
6.645 3462
6.714 3462
6.784 3462
6.897 3462
6.966 3462
7.07 3462
7.137 3462
7.197 3462
7.274 3462
7.335 3459
7.457 3459
7.53 3457
7.61 3456
7.681 3456
7.772 3456
7.846 3456
7.936 3454
8.064 3454
8.144 3454
8.281 3454
8.387 3454
8.506 3454
8.59 3454
8.684 3454
8.783 3454
8.833 3454
8.926 3454
9.031 3454
9.111 3454
9.229 3454
9.289 3454
9.401 3453
9.478 3453
9.603 3453
9.656 3452
9.757 3451
9.798 3451
9.887 3451
9.965 3450
10.027 3450
