0 3812
0.067 3706
0.206 3659
0.301 3632
0.373 3620
0.432 3620
0.481 3619
0.549 3600
0.607 3600
0.689 3583
0.752 3581
0.841 3571
0.895 3570
0.965 3555
1.031 3554
1.08 3546
1.182 3542
1.254 3536
1.334 3536
1.398 3527
1.449 3523
1.533 3523
1.591 3513
1.635 3509
1.726 3509
1.776 3509
1.814 3509
1.891 3505
1.948 3505
2.01 3505
2.071 3504
2.123 3502
2.207 3502
2.256 3502
2.329 3496
2.384 3492
2.472 3488
2.537 3488
2.669 3488
2.745 3488
2.817 3488
2.873 3486
2.974 3483
3.057 3483
3.13 3483
3.208 3483
3.276 3480
3.361 3480
3.439 3479
3.554 3478
3.617 3478
3.727 3478
3.814 3477
3.887 3476
3.957 3476
4.043 3468
4.116 3468
4.221 3468
4.272 3468
4.341 3468
4.432 3468
4.505 3466
4.566 3466
4.656 3466
4.742 3466
4.819 3466
4.919 3466
5.011 3464
5.09 3464
5.18 3464
5.246 3464
5.331 3464
5.376 3464
5.444 3464
5.498 3461
5.554 3461
5.6 3461
5.702 3459
5.79 3459
5.877 3458
5.915 3458
6.005 3458
6.055 3458
6.116 3458
6.155 3458
6.193 3458
6.236 3458
6.314 3458
6.383 3458
6.475 3456
6.55 3455
6.604 3455
6.703 3454
6.794 3454
6.885 3454
6.955 3454
7.025 3453
7.069 3453
7.139 3451
7.21 3450
7.249 3450
7.302 3450
7.342 3450
7.432 3450
7.492 3450
7.549 3450
7.618 3450
7.722 3450
7.781 3450
7.833 3449
7.892 3449
8 3449
8.07 3449
8.145 3449
8.197 3448
8.274 3448
8.387 3448
8.464 3448
8.551 3448
8.654 3448
8.712 3446
8.771 3446
8.844 3446
8.93 3446
9.029 3446
9.117 3446
9.175 3446
9.18 3446
9.234 3446
9.294 3446
9.367 3446
9.417 3446
9.511 3446
9.569 3445
9.681 3445
9.761 3444
9.809 3443
9.853 3443
9.909 3441
9.968 3441
10.018 3441
