0 3807
0.073 3705
0.167 3668
0.231 3668
0.312 3631
0.392 3617
0.451 3613
0.57 3589
0.677 3589
0.722 3578
0.785 3571
0.879 3564
0.958 3564
1.044 3562
1.111 3549
1.218 3548
1.283 3542
1.339 3542
1.45 3536
1.532 3536
1.619 3536
1.664 3529
1.74 3529
1.857 3528
1.927 3519
2.022 3517
2.064 3517
2.148 3512
2.199 3512
2.248 3511
2.304 3511
2.428 3508
2.5 3504
2.569 3504
2.639 3500
2.72 3497
2.839 3491
2.893 3491
2.974 3491
3.035 3491
3.1 3491
3.214 3487
3.32 3487
3.384 3487
3.467 3486
3.562 3485
3.627 3481
3.662 3481
3.741 3481
3.808 3480
3.906 3480
4.054 3478
4.14 3477
4.193 3477
4.253 3477
4.34 3476
4.453 3475
4.56 3474
4.664 3470
4.797 3469
4.862 3469
4.955 3469
5.043 3469
5.126 3467
5.18 3467
5.279 3466
5.35 3461
5.401 3461
5.486 3461
5.559 3461
5.64 3461
5.727 3461
5.88 3461
5.944 3461
5.99 3461
6.104 3457
6.222 3456
6.272 3454
6.327 3454
6.399 3454
6.464 3454
6.549 3454
6.62 3452
6.661 3452
6.711 3452
6.76 3452
6.831 3452
6.895 3452
6.941 3449
7.008 3448
7.088 3448
7.166 3447
7.272 3447
7.362 3446
7.412 3446
7.498 3446
7.601 3446
7.688 3446
7.786 3446
7.886 3446
7.959 3446
8.029 3446
8.097 3446
8.134 3446
8.193 3446
8.232 3445
8.312 3445
8.376 3445
8.422 3445
8.49 3442
8.595 3442
8.69 3442
8.695 3442
8.758 3442
8.821 3442
8.882 3442
8.96 3442
9.045 3442
9.135 3442
9.19 3441
9.238 3441
9.297 3441
9.379 3441
9.423 3441
9.495 3441
9.535 3441
9.597 3441
9.673 3441
9.737 3441
9.78 3441
9.839 3440
9.937 3440
10.008 3440
