0 3820
0.098 3697
0.287 3664
0.534 3637
0.71 3637
0.873 3618
1.055 3603
1.216 3603
1.466 3598
1.677 3584
1.872 3578
2.032 3564
2.242 3564
2.285 3563
2.469 3549
2.726 3549
2.971 3549
3.17 3543
3.309 3543
3.558 3540
3.761 3536
3.901 3530
3.965 3530
4.215 3523
4.419 3523
4.579 3523
4.738 3518
4.981 3518
5.142 3518
5.288 3516
5.496 3516
5.767 3513
5.906 3510
6.03 3510
6.224 3507
6.447 3505
6.705 3500
6.868 3500
7.089 3497
7.314 3497
7.585 3497
7.705 3496
7.867 3496
7.987 3496
8.162 3495
8.305 3492
8.502 3490
8.648 3490
8.795 3487
9.049 3482
9.23 3482
9.427 3482
9.559 3482
9.756 3480
9.91 3480
10.127 3480
