0 3809
0.085 3702
0.18 3675
0.257 3650
0.332 3626
0.41 3626
0.474 3626
0.546 3617
0.598 3612
0.655 3601
0.735 3586
0.828 3579
0.88 3578
0.933 3568
1.01 3568
1.104 3561
1.154 3561
1.208 3559
1.272 3551
1.327 3543
1.425 3543
1.495 3534
1.549 3534
1.61 3534
1.683 3533
1.725 3530
1.777 3526
1.86 3524
1.934 3524
1.998 3519
2.086 3519
2.164 3519
2.221 3519
2.308 3515
2.39 3511
2.498 3509
2.56 3507
2.602 3503
2.686 3499
2.768 3497
2.823 3497
2.91 3496
2.976 3493
3.059 3493
3.136 3492
3.211 3492
3.298 3492
3.352 3492
3.419 3491
3.475 3490
3.513 3490
3.594 3485
3.684 3485
3.744 3485
3.835 3481
3.912 3477
3.992 3477
4.101 3477
4.163 3477
4.249 3475
4.34 3475
4.423 3474
4.494 3474
4.583 3473
4.65 3473
4.698 3473
4.788 3471
4.839 3471
4.945 3471
5.057 3468
5.13 3468
5.163 3468
5.216 3468
5.278 3467
5.359 3467
5.436 3465
5.486 3465
5.547 3463
5.626 3463
5.673 3463
5.725 3463
5.782 3463
5.826 3463
5.864 3463
5.927 3463
5.967 3463
6.035 3462
6.134 3461
6.184 3461
6.276 3461
6.344 3461
6.42 3461
6.469 3460
6.508 3460
6.578 3460
6.636 3460
6.682 3460
6.779 3460
6.88 3460
6.916 3458
6.974 3458
7.052 3458
7.106 3457
7.176 3457
7.22 3457
7.29 3457
7.341 3457
7.424 3457
7.509 3457
7.587 3457
7.651 3455
7.723 3455
7.785 3455
7.877 3455
7.921 3455
7.97 3455
8.052 3454
8.124 3453
8.17 3453
8.23 3453
8.279 3453
8.334 3451
8.397 3451
8.488 3451
8.55 3451
8.639 3451
8.711 3451
8.793 3451
8.859 3451
8.936 3451
9.047 3451
9.087 3447
9.164 3447
9.266 3447
9.338 3447
9.411 3447
9.462 3447
9.514 3443
9.577 3443
9.66 3443
9.746 3443
9.79 3443
9.836 3443
9.9 3443
9.977 3443
10.048 3442
